@ ./zeo_outputs/05001N2_ddec.cif.vol Unitcell_volume: 5273.24   Density: 0.585485   AV_A^3: 3163.95 AV_Volume_fraction: 0.6 AV_cm^3/g: 1.02479 NAV_A^3: 0 NAV_Volume_fraction: 0 NAV_cm^3/g: 0
Number_of_channels: 1 Channel_volume_A^3: 3163.95  
Number_of_pockets: 24 Pocket_volume_A^3: 0  0  0  0  0  0  0  0  0  0  0  0  0  0  0  0  0  0  0  0  0  0  0  0  
