@ ./zeo_outputs/05001N2_ddec.cif.sa Unitcell_volume: 5273.24   Density: 0.585485   ASA_A^2: 975.953 ASA_m^2/cm^3: 1850.76 ASA_m^2/g: 3161.08 NASA_A^2: 1.85272 NASA_m^2/cm^3: 3.51343 NASA_m^2/g: 6.00089
Number_of_channels: 1 Channel_surface_area_A^2: 975.953  
Number_of_pockets: 24 Pocket_surface_area_A^2: 0.0385847  0.00101539  0.00101539  0.0223385  0.0487386  0.131974  0.00406155  0  0  0.154339  0.270186  0.0192924  0.114739  0.0284309  0.0578771  0.105933  0.00101539  0.00710772  0.387529  0.175662  0.0111693  0.0690464  0  0.202663  
