@ ./zeo_outputs/07002N2_ddec.cif.sa Unitcell_volume: 3089.31   Density: 0.703127   ASA_A^2: 721.571 ASA_m^2/cm^3: 2335.71 ASA_m^2/g: 3321.89 NASA_A^2: 3.75368 NASA_m^2/cm^3: 12.1506 NASA_m^2/g: 17.2808
Number_of_channels: 1 Channel_surface_area_A^2: 721.571  
Number_of_pockets: 8 Pocket_surface_area_A^2: 0  1.32204  0.339773  0.251816  0.00344821  0  1.48247  0.354143  
