@ ./zeo_outputs/07000N2_ddec.cif.vol Unitcell_volume: 8395.35   Density: 0.458062   AV_A^3: 5991.59 AV_Volume_fraction: 0.71368 AV_cm^3/g: 1.55804 NAV_A^3: 0 NAV_Volume_fraction: 0 NAV_cm^3/g: 0
Number_of_channels: 1 Channel_volume_A^3: 5991.59  
Number_of_pockets: 27 Pocket_volume_A^3: 0  0  0  0  0  0  0  0  0  0  0  0  0  0  0  0  0  0  0  0  0  0  0  0  0  0  0  
