@ ./zeo_outputs/07000N2_ddec.cif.sa Unitcell_volume: 8395.35   Density: 0.458062   ASA_A^2: 1313.78 ASA_m^2/cm^3: 1564.89 ASA_m^2/g: 3416.33 NASA_A^2: 1.72557 NASA_m^2/cm^3: 2.05539 NASA_m^2/g: 4.48714
Number_of_channels: 1 Channel_surface_area_A^2: 1313.78  
Number_of_pockets: 27 Pocket_surface_area_A^2: 0  0.0456925  0.15634  0  0.0162462  0  0.187076  0  0.0223385  0.0121847  0.00101539  0.0459861  0.0690464  0.068031  0.0355386  0.0192924  0.0294462  0.00203078  0.0357114  0.243693  0.00609233  0.0619387  0.168554  0.0852926  0.229222  0.154339  0.0304616  
