@ ./zeo_outputs/07001N2_ddec.cif.sa Unitcell_volume: 1285.17   Density: 1.10023   ASA_A^2: 359.567 ASA_m^2/cm^3: 2797.8 ASA_m^2/g: 2542.92 NASA_A^2: 0.676213 NASA_m^2/cm^3: 5.26164 NASA_m^2/g: 4.7823
Number_of_channels: 1 Channel_surface_area_A^2: 359.567  
Number_of_pockets: 5 Pocket_surface_area_A^2: 0.107308  0.421386  0  0.142442  0.00507694  
