@ ./zeo_outputs/08011N2_ddec.cif.sa Unitcell_volume: 2680.16   Density: 0.98834   ASA_A^2: 952.899 ASA_m^2/cm^3: 3555.39 ASA_m^2/g: 3597.33 NASA_A^2: 0.510851 NASA_m^2/cm^3: 1.90605 NASA_m^2/g: 1.92854
Number_of_channels: 1 Channel_surface_area_A^2: 952.899  
Number_of_pockets: 7 Pocket_surface_area_A^2: 0.0858259  0.115165  0.174403  0.0441412  0.0173546  0.00304616  0.0709156  
