@ ./zeo_outputs/08010N2_ddec.cif.sa Unitcell_volume: 2561.67   Density: 1.14317   ASA_A^2: 1123.48 ASA_m^2/cm^3: 4385.75 ASA_m^2/g: 3836.5 NASA_A^2: 0.454969 NASA_m^2/cm^3: 1.77606 NASA_m^2/g: 1.55364
Number_of_channels: 1 Channel_surface_area_A^2: 1123.48  
Number_of_pockets: 4 Pocket_surface_area_A^2: 0.253645  0.183785  0.0161976  0.00134111  
