@ ./zeo_outputs/08013N2_ddec.cif.sa Unitcell_volume: 2764.38   Density: 0.756007   ASA_A^2: 660.361 ASA_m^2/cm^3: 2388.83 ASA_m^2/g: 3159.79 NASA_A^2: 0.821376 NASA_m^2/cm^3: 2.97129 NASA_m^2/g: 3.93024
Number_of_channels: 1 Channel_surface_area_A^2: 660.361  
Number_of_pockets: 7 Pocket_surface_area_A^2: 0  0.0994316  0.0861551  0.0284309  0.30318  0.293008  0.0111693  
