@ ./zeo_outputs/08020N2_ddec.cif.sa Unitcell_volume: 1273.59   Density: 1.00239   ASA_A^2: 435.894 ASA_m^2/cm^3: 3422.57 ASA_m^2/g: 3414.41 NASA_A^2: 0.187847 NASA_m^2/cm^3: 1.47494 NASA_m^2/g: 1.47143
Number_of_channels: 1 Channel_surface_area_A^2: 435.894  
Number_of_pockets: 2 Pocket_surface_area_A^2: 0.10357  0.0842772  
