@ ./zeo_outputs/08030N2_ddec.cif.vol Unitcell_volume: 8342.43   Density: 0.518345   AV_A^3: 5723.41 AV_Volume_fraction: 0.68606 AV_cm^3/g: 1.32356 NAV_A^3: 0.333697 NAV_Volume_fraction: 4e-05 NAV_cm^3/g: 7.71686e-05
Number_of_channels: 1 Channel_volume_A^3: 5723.41  
Number_of_pockets: 28 Pocket_volume_A^3: 0  0  0  0  0  0  0  0  0  0  0  0  0  0  0  0  0  0  0  0  0  0.333697  0  0  0  0  0  0  
