@ ./zeo_outputs/08030N2_ddec.cif.vol Unitcell_volume: 8342.43   Density: 0.518345   AV_A^3: 7508.19 AV_Volume_fraction: 0.9 AV_cm^3/g: 1.73629 NAV_A^3: 0 NAV_Volume_fraction: 0 NAV_cm^3/g: 0
Number_of_channels: 1 Channel_volume_A^3: 7508.19  
Number_of_pockets: 28 Pocket_volume_A^3: 0  0  0  0  0  0  0  0  0  0  0  0  0  0  0  0  0  0  0  0  0  0  0  0  0  0  0  0  
