@ ./zeo_outputs/08030N2_ddec.cif.sa Unitcell_volume: 8342.43   Density: 0.518345   ASA_A^2: 1359.5 ASA_m^2/cm^3: 1629.62 ASA_m^2/g: 3143.89 NASA_A^2: 11.3996 NASA_m^2/cm^3: 13.6645 NASA_m^2/g: 26.3619
Number_of_channels: 1 Channel_surface_area_A^2: 1359.5  
Number_of_pockets: 28 Pocket_surface_area_A^2: 1.00016  0.213231  0.290401  0.0599079  0.120831  0.203078  0.0619387  0.899634  0.701633  0.0121847  0.704679  0.75951  0.148247  0.159416  0.154339  0.0944311  0.174647  0.750372  0.45794  0.223185  0.126923  1.15754  0.493479  1.15348  0  0.581817  0.242678  0.453878  
