@ ./zeo_outputs/09010N2_ddec.cif.sa Unitcell_volume: 3459.91   Density: 0.731022   ASA_A^2: 1224.05 ASA_m^2/cm^3: 3537.8 ASA_m^2/g: 4839.54 NASA_A^2: 0.136793 NASA_m^2/cm^3: 0.395366 NASA_m^2/g: 0.540841
Number_of_channels: 1 Channel_surface_area_A^2: 1224.05  
Number_of_pockets: 3 Pocket_surface_area_A^2: 0.0174344  0.119359  0  
