@ ./zeo_outputs/10010N2_ddec.cif.sa Unitcell_volume: 3629.13   Density: 0.759474   ASA_A^2: 845.867 ASA_m^2/cm^3: 2330.77 ASA_m^2/g: 3068.93 NASA_A^2: 2.84112 NASA_m^2/cm^3: 7.82865 NASA_m^2/g: 10.308
Number_of_channels: 1 Channel_surface_area_A^2: 845.867  
Number_of_pockets: 13 Pocket_surface_area_A^2: 0  0.147231  0.678279  0.566441  0  0.0304616  0  0.24695  0.575725  0.503632  0.0913849  0.00101539  0  
