@ ./zeo_outputs/11002N2_ddec.cif.vol Unitcell_volume: 11817.3   Density: 0.427085   AV_A^3: 8454.11 AV_Volume_fraction: 0.7154 AV_cm^3/g: 1.67508 NAV_A^3: 0 NAV_Volume_fraction: 0 NAV_cm^3/g: 0
Number_of_channels: 1 Channel_volume_A^3: 8454.11  
Number_of_pockets: 20 Pocket_volume_A^3: 0  0  0  0  0  0  0  0  0  0  0  0  0  0  0  0  0  0  0  0  
