@ ./zeo_outputs/11002N2_ddec.cif.sa Unitcell_volume: 11817.3   Density: 0.427085   ASA_A^2: 2056.27 ASA_m^2/cm^3: 1740.05 ASA_m^2/g: 4074.25 NASA_A^2: 0.376235 NASA_m^2/cm^3: 0.318376 NASA_m^2/g: 0.745463
Number_of_channels: 1 Channel_surface_area_A^2: 2056.27  
Number_of_pockets: 20 Pocket_surface_area_A^2: 0  0.00681592  0.220815  0  0.0152308  0  0.0205287  0.00304616  0.00304616  0.00356822  0.00406155  0  0.0690464  0  0.0111693  0  0.00101539  0.00609233  0  0.0117985  
