@ ./zeo_outputs/11000N2_ddec.cif.sa Unitcell_volume: 5917.65   Density: 0.596628   ASA_A^2: 1770.45 ASA_m^2/cm^3: 2991.82 ASA_m^2/g: 5014.55 NASA_A^2: 0.366134 NASA_m^2/cm^3: 0.618715 NASA_m^2/g: 1.03702
Number_of_channels: 1 Channel_surface_area_A^2: 1770.45  
Number_of_pockets: 5 Pocket_surface_area_A^2: 0  0.289554  0  0.0603338  0.0162462  
