@ ./zeo_outputs/11010N2_ddec.cif.sa Unitcell_volume: 14238.4   Density: 0.935537   ASA_A^2: 3291.62 ASA_m^2/cm^3: 2311.8 ASA_m^2/g: 2471.09 NASA_A^2: 66.7472 NASA_m^2/cm^3: 46.8785 NASA_m^2/g: 50.1086
Number_of_channels: 4 Channel_surface_area_A^2: 828.732  816.036  830.512  816.34  
Number_of_pockets: 88 Pocket_surface_area_A^2: 6.01928  3.00739  0.170823  2.90805  0.48782  0.74899  0.034584  0.108302  0.306647  0.225416  0.0142154  0.100007  0.00406155  0.0588925  0.308678  0.036554  0.729375  0.441923  0.54866  6.11969  3.03732  0  0  2.92121  0  0.702069  0  0.669986  0.438108  0.430524  0.0538156  0.0162462  0  0.144129  0.0225878  0.175662  0.31477  0.186449  0.804825  0.528352  0.0485401  0  0  0  0.287785  0.0938291  0.848205  0.648488  0.31477  0.35437  0.0720925  0.0643915  0  0.243693  0.371632  0.409446  0.619935  0.787106  0.00536443  6.15173  3.04501  2.90909  0.0394854  0  0.485623  0.688175  0  0.411176  0  0.171601  0.335078  0.0493136  0  0  0.077457  0.305632  0.369601  0.0639518  0.623278  0.704574  5.93753  0.00402332  0.0165719  6.10659  0.224189  0.0284309  0.00406155  0  
