@ ./zeo_outputs/11020N2_ddec.cif.sa Unitcell_volume: 2901.59   Density: 0.61879   ASA_A^2: 814.817 ASA_m^2/cm^3: 2808.18 ASA_m^2/g: 4538.17 NASA_A^2: 0.536228 NASA_m^2/cm^3: 1.84805 NASA_m^2/g: 2.98656
Number_of_channels: 1 Channel_surface_area_A^2: 814.817  
Number_of_pockets: 3 Pocket_surface_area_A^2: 0.354994  0.0761247  0.10511  
