@ ./zeo_outputs/11020N2_ddec.cif.vol Unitcell_volume: 2901.59   Density: 0.61879   AV_A^3: 1677 AV_Volume_fraction: 0.57796 AV_cm^3/g: 0.934016 NAV_A^3: 0.0580318 NAV_Volume_fraction: 2e-05 NAV_cm^3/g: 3.23211e-05
Number_of_channels: 1 Channel_volume_A^3: 1677  
Number_of_pockets: 3 Pocket_volume_A^3: 0.0580318  0  0  
