@ ./zeo_outputs/11030N2_ddec.cif.sa Unitcell_volume: 5239.08   Density: 0.552143   ASA_A^2: 1366.31 ASA_m^2/cm^3: 2607.93 ASA_m^2/g: 4723.27 NASA_A^2: 0.242922 NASA_m^2/cm^3: 0.463674 NASA_m^2/g: 0.83977
Number_of_channels: 1 Channel_surface_area_A^2: 1366.31  
Number_of_pockets: 5 Pocket_surface_area_A^2: 0.00913849  0  0.212461  0  0.0213231  
