@ ./zeo_outputs/11040N2_ddec.cif.sa Unitcell_volume: 12551.9   Density: 0.344509   ASA_A^2: 1675.95 ASA_m^2/cm^3: 1335.21 ASA_m^2/g: 3875.68 NASA_A^2: 0.763841 NASA_m^2/cm^3: 0.608544 NASA_m^2/g: 1.76641
Number_of_channels: 1 Channel_surface_area_A^2: 1675.95  
Number_of_pockets: 20 Pocket_surface_area_A^2: 0.0375694  0.0355386  0.0132  0.00101539  0.00304616  0.049754  0.00946421  0.0111693  0.00913849  0.0802156  0.0619387  0.0924003  0.109662  0.062954  0.00609233  0.00269873  0.0081231  0.158692  0.00507694  0.00609233  
