@ ./zeo_outputs/11040N2_ddec.cif.vol Unitcell_volume: 12551.9   Density: 0.344509   AV_A^3: 11296.8 AV_Volume_fraction: 0.9 AV_cm^3/g: 2.61241 NAV_A^3: 0 NAV_Volume_fraction: 0 NAV_cm^3/g: 0
Number_of_channels: 1 Channel_volume_A^3: 11296.8  
Number_of_pockets: 20 Pocket_volume_A^3: 0  0  0  0  0  0  0  0  0  0  0  0  0  0  0  0  0  0  0  0  
