@ ./zeo_outputs/11040N2_ddec.cif.vol Unitcell_volume: 12551.9   Density: 0.344509   AV_A^3: 9786 AV_Volume_fraction: 0.77964 AV_cm^3/g: 2.26304 NAV_A^3: 0 NAV_Volume_fraction: 0 NAV_cm^3/g: 0
Number_of_channels: 1 Channel_volume_A^3: 9786  
Number_of_pockets: 20 Pocket_volume_A^3: 0  0  0  0  0  0  0  0  0  0  0  0  0  0  0  0  0  0  0  0  
