@ ./zeo_outputs/12001N2_ddec.cif.sa Unitcell_volume: 2821.27   Density: 0.848478   ASA_A^2: 813.841 ASA_m^2/cm^3: 2884.66 ASA_m^2/g: 3399.81 NASA_A^2: 2.59761 NASA_m^2/cm^3: 9.20723 NASA_m^2/g: 10.8515
Number_of_channels: 1 Channel_surface_area_A^2: 813.841  
Number_of_pockets: 20 Pocket_surface_area_A^2: 0.00866959  0.0403635  0.101178  0.0923318  0.377604  0.134824  0.421386  0.13797  0  0.125803  0.00982645  0.0876113  0.0318241  0.196021  0.32594  0.286339  0.161339  0.0279932  0.030584  0  
