@ ./zeo_outputs/12000N2_ddec.cif.sa Unitcell_volume: 2852.83   Density: 0.741116   ASA_A^2: 736.556 ASA_m^2/cm^3: 2581.84 ASA_m^2/g: 3483.72 NASA_A^2: 0.459793 NASA_m^2/cm^3: 1.61171 NASA_m^2/g: 2.1747
Number_of_channels: 1 Channel_surface_area_A^2: 736.556  
Number_of_pockets: 13 Pocket_surface_area_A^2: 0.0849589  0.0823516  0.0561551  0.0599201  0.0715911  0.0369589  0.0140417  0.00203078  0.00101539  0  0.0294462  0.0162462  0.00507694  
