@ ./zeo_outputs/12010N2_ddec.cif.sa Unitcell_volume: 20644.4   Density: 0.598516   ASA_A^2: 4780.39 ASA_m^2/cm^3: 2315.59 ASA_m^2/g: 3868.88 NASA_A^2: 0.451563 NASA_m^2/cm^3: 0.218734 NASA_m^2/g: 0.365461
Number_of_channels: 1 Channel_surface_area_A^2: 4780.39  
Number_of_pockets: 16 Pocket_surface_area_A^2: 0  0.00101539  0.0625901  0.0530494  0.00406155  0  0  0.0429919  0.0355967  0  0.0733572  0.0218217  0.107402  0.00101539  0  0.0486622  
