@ ./zeo_outputs/12010N2_ddec.cif.vol Unitcell_volume: 20644.4   Density: 0.598516   AV_A^3: 12736.8 AV_Volume_fraction: 0.61696 AV_cm^3/g: 1.03082 NAV_A^3: 0 NAV_Volume_fraction: 0 NAV_cm^3/g: 0
Number_of_channels: 1 Channel_volume_A^3: 12736.8  
Number_of_pockets: 16 Pocket_volume_A^3: 0  0  0  0  0  0  0  0  0  0  0  0  0  0  0  0  
