@ ./zeo_outputs/12011N2_ddec.cif.sa Unitcell_volume: 20631.7   Density: 0.639688   ASA_A^2: 4752.16 ASA_m^2/cm^3: 2303.33 ASA_m^2/g: 3600.7 NASA_A^2: 0.23036 NASA_m^2/cm^3: 0.111653 NASA_m^2/g: 0.174543
Number_of_channels: 1 Channel_surface_area_A^2: 4752.16  
Number_of_pockets: 18 Pocket_surface_area_A^2: 0.00406155  0.00609233  0  0  0.0114185  0.0172616  0.0111693  0.112077  0.00804665  0.0081231  0.0121847  0.0216489  0  0.00609233  0.00101539  0  0  0.0111693  
