@ ./zeo_outputs/12011N2_ddec.cif.vol Unitcell_volume: 20631.7   Density: 0.639688   AV_A^3: 12379 AV_Volume_fraction: 0.6 AV_cm^3/g: 0.937957 NAV_A^3: 0 NAV_Volume_fraction: 0 NAV_cm^3/g: 0
Number_of_channels: 1 Channel_volume_A^3: 12379  
Number_of_pockets: 18 Pocket_volume_A^3: 0  0  0  0  0  0  0  0  0  0  0  0  0  0  0  0  0  0  
