@ ./zeo_outputs/12012N2_ddec.cif.vol Unitcell_volume: 20545   Density: 0.641198   AV_A^3: 12327 AV_Volume_fraction: 0.6 AV_cm^3/g: 0.935748 NAV_A^3: 0 NAV_Volume_fraction: 0 NAV_cm^3/g: 0
Number_of_channels: 1 Channel_volume_A^3: 12327  
Number_of_pockets: 18 Pocket_volume_A^3: 0  0  0  0  0  0  0  0  0  0  0  0  0  0  0  0  0  0  
