@ ./zeo_outputs/12012N2_ddec.cif.sa Unitcell_volume: 20545   Density: 0.641198   ASA_A^2: 4704.42 ASA_m^2/cm^3: 2289.82 ASA_m^2/g: 3571.15 NASA_A^2: 0.236456 NASA_m^2/cm^3: 0.115092 NASA_m^2/g: 0.179495
Number_of_channels: 1 Channel_surface_area_A^2: 4704.42  
Number_of_pockets: 18 Pocket_surface_area_A^2: 0.0449263  0  0.0432794  0.00609233  0.0579735  0.0290823  0.00147781  0  0.0081231  0.00913849  0  0  0  0.00203078  0.0134111  0  0.0199056  0.00101539  
