@ ./zeo_outputs/12023N2_ddec.cif.vol Unitcell_volume: 9061.65   Density: 0.576825   AV_A^3: 6343.16 AV_Volume_fraction: 0.7 AV_cm^3/g: 1.21354 NAV_A^3: 0 NAV_Volume_fraction: 0 NAV_cm^3/g: 0
Number_of_channels: 1 Channel_volume_A^3: 6343.16  
Number_of_pockets: 30 Pocket_volume_A^3: 0  0  0  0  0  0  0  0  0  0  0  0  0  0  0  0  0  0  0  0  0  0  0  0  0  0  0  0  0  0  
