@ ./zeo_outputs/12023N2_ddec.cif.sa Unitcell_volume: 9061.65   Density: 0.576825   ASA_A^2: 1528.32 ASA_m^2/cm^3: 1686.58 ASA_m^2/g: 2923.91 NASA_A^2: 8.39205 NASA_m^2/cm^3: 9.26106 NASA_m^2/g: 16.0553
Number_of_channels: 1 Channel_surface_area_A^2: 1528.32  
Number_of_pockets: 30 Pocket_surface_area_A^2: 0.0132  0.0512758  0.0396001  1.00625  0.732095  1.06616  0.00203078  0.351707  0.599079  0.494259  0.0428591  0.00609233  0.0172616  0.031477  0  0.00913849  0  1.23862  0.00710772  0.425448  0.196985  0.226566  0.204093  0.0639694  0.179724  0  0  1.32417  0.0225645  0.0403237  
