@ ./zeo_outputs/12020N2_ddec.cif.vol Unitcell_volume: 5070.7   Density: 0.747682   AV_A^3: 3042.42 AV_Volume_fraction: 0.6 AV_cm^3/g: 0.80248 NAV_A^3: 0 NAV_Volume_fraction: 0 NAV_cm^3/g: 0
Number_of_channels: 1 Channel_volume_A^3: 3042.42  
Number_of_pockets: 28 Pocket_volume_A^3: 0  0  0  0  0  0  0  0  0  0  0  0  0  0  0  0  0  0  0  0  0  0  0  0  0  0  0  0  
