@ ./zeo_outputs/12022N2_ddec.cif.sa Unitcell_volume: 7268.27   Density: 0.521619   ASA_A^2: 1310.58 ASA_m^2/cm^3: 1803.15 ASA_m^2/g: 3456.83 NASA_A^2: 0.00913849 NASA_m^2/cm^3: 0.0125731 NASA_m^2/g: 0.024104
Number_of_channels: 1 Channel_surface_area_A^2: 1310.58  
Number_of_pockets: 2 Pocket_surface_area_A^2: 0.00913849  0  
