@ ./zeo_outputs/12023N2_ddec.cif.vol Unitcell_volume: 9061.65   Density: 0.576825   AV_A^3: 6122.96 AV_Volume_fraction: 0.6757 AV_cm^3/g: 1.17141 NAV_A^3: 0.906165 NAV_Volume_fraction: 0.0001 NAV_cm^3/g: 0.000173363
Number_of_channels: 1 Channel_volume_A^3: 6122.96  
Number_of_pockets: 30 Pocket_volume_A^3: 0  0  0  0  0.181233  0.181233  0  0  0  0  0  0  0  0  0  0  0  0  0  0  0  0  0  0  0  0  0  0.543699  0  0  
