@ ./zeo_outputs/12020N2_ddec.cif.sa Unitcell_volume: 5070.7   Density: 0.747682   ASA_A^2: 1037.65 ASA_m^2/cm^3: 2046.37 ASA_m^2/g: 2736.96 NASA_A^2: 23.8687 NASA_m^2/cm^3: 47.0719 NASA_m^2/g: 62.9571
Number_of_channels: 1 Channel_surface_area_A^2: 1037.65  
Number_of_pockets: 28 Pocket_surface_area_A^2: 1.03062  0.00507694  0.101539  3.79849  0.0670156  0  0.582833  3.9301  0.550918  0.0751387  0.113723  0.0609233  0.0416309  0.00609233  0.890495  0.319444  8.92837  0  0.16819  0.317816  1.13295  0.920731  0.326955  0.139319  0.00609233  0.00507694  0.349189  0  
