@ ./zeo_outputs/12024N2_ddec.cif.sa Unitcell_volume: 9278.96   Density: 0.463061   ASA_A^2: 1571.53 ASA_m^2/cm^3: 1693.64 ASA_m^2/g: 3657.5 NASA_A^2: 0.0111693 NASA_m^2/cm^3: 0.0120372 NASA_m^2/g: 0.0259948
Number_of_channels: 1 Channel_surface_area_A^2: 1571.53  
Number_of_pockets: 4 Pocket_surface_area_A^2: 0  0  0.00406155  0.00710772  
