@ ./zeo_outputs/12030N2_ddec.cif.sa Unitcell_volume: 5077.74   Density: 0.721957   ASA_A^2: 982.892 ASA_m^2/cm^3: 1935.69 ASA_m^2/g: 2681.17 NASA_A^2: 0.0847176 NASA_m^2/cm^3: 0.166841 NASA_m^2/g: 0.231096
Number_of_channels: 1 Channel_surface_area_A^2: 982.892  
Number_of_pockets: 3 Pocket_surface_area_A^2: 0.0454918  0.0392258  0  
