@ ./zeo_outputs/12062N2_ddec.cif.sa Unitcell_volume: 14033.8   Density: 0.839477   ASA_A^2: 3014.88 ASA_m^2/cm^3: 2148.31 ASA_m^2/g: 2559.1 NASA_A^2: 15.7802 NASA_m^2/cm^3: 11.2445 NASA_m^2/g: 13.3946
Number_of_channels: 4 Channel_surface_area_A^2: 751.803  755.241  752.632  755.205  
Number_of_pockets: 68 Pocket_surface_area_A^2: 0.804045  0.723143  0.665557  0.00438727  0.0294462  0  0.737081  0  0.188862  0.00913849  0  0  0.20917  0.236585  0.176677  0.0270515  0.782289  0  0.553346  0.603781  0.637799  0  0.176677  0  0.00406155  0.167539  0  0  0.328986  0  0.160431  0.0436617  0.0578771  0  0.00304616  0.0233539  0.00710772  0.231508  0.155354  0.237601  0.320863  0.0578389  0.00101539  0.762602  0.794709  0.0719779  0.895744  0.833709  0  0.00406155  0.0328181  0  0  0.0101539  0  0.0253847  0.257909  0.14317  0.15637  0.293447  0  0.804763  0.875852  0.0151926  0.774778  0.661261  0.00101539  0  
