@ ./zeo_outputs/12060N2_ddec.cif.vol Unitcell_volume: 14498.1   Density: 0.818509   AV_A^3: 8042.36 AV_Volume_fraction: 0.55472 AV_cm^3/g: 0.67772 NAV_A^3: 4.05946 NAV_Volume_fraction: 0.00028 NAV_cm^3/g: 0.000342085
Number_of_channels: 1 Channel_volume_A^3: 8042.36  
Number_of_pockets: 56 Pocket_volume_A^3: 0.869884  0.289961  0  0  0  0  0  0  0  0  0  0  0.289961  0  0  0  0  0  0  0  0  0  0  0  0  0  0  0  0  0  0  0  0  0  0  0.289961  0.289961  0.869884  0  0  0  0  0  0  0  0  0  0  0  0.579922  0.579922  0  0  0  0  0  
