@ ./zeo_outputs/12061N2_ddec.cif.sa Unitcell_volume: 14453.9   Density: 0.819318   ASA_A^2: 3199.81 ASA_m^2/cm^3: 2213.81 ASA_m^2/g: 2702.02 NASA_A^2: 77.7366 NASA_m^2/cm^3: 53.7826 NASA_m^2/g: 65.6432
Number_of_channels: 2 Channel_surface_area_A^2: 1594.5  1605.31  
Number_of_pockets: 60 Pocket_surface_area_A^2: 9.96286  0  9.56641  0  0.0184498  0.0399258  0.00710772  0.479263  0.413263  0.0583756  0.139454  0.111425  0.158823  0.434586  0.39194  0  9.23952  0  0.0538156  0.495509  0.340155  0.199323  0.13953  0.00913849  0.167559  0.162118  0.577756  0.413263  0  0.00609233  0.0081231  0.496525  0.443725  0.0984926  0.0081231  0.10175  0.0216489  0.586894  0.615325  10.377  0  9.29813  0.00609233  0  0  0.0660966  0  0  0.482309  0.512771  0.0930716  0  0.018852  0.124836  0.476217  0.578771  9.91996  9.81517  0.00101539  0  
