@ ./zeo_outputs/12061N2_ddec.cif.vol Unitcell_volume: 14453.9   Density: 0.819318   AV_A^3: 8006.28 AV_Volume_fraction: 0.55392 AV_cm^3/g: 0.676075 NAV_A^3: 5.49246 NAV_Volume_fraction: 0.00038 NAV_cm^3/g: 0.0004638
Number_of_channels: 2 Channel_volume_A^3: 4010.37  3995.91  
Number_of_pockets: 60 Pocket_volume_A^3: 1.15631  0  0.289077  0  0  0  0  0  0  0  0  0  0  0  0  0  0.867231  0  0  0  0  0  0  0  0  0  0  0  0  0  0  0  0  0  0  0  0  0  0  0.867231  0  1.44539  0  0  0  0  0  0  0  0  0  0  0  0  0  0  0.289077  0.578154  0  0  
