@ ./zeo_outputs/12060N2_ddec.cif.sa Unitcell_volume: 14498.1   Density: 0.818509   ASA_A^2: 3199.77 ASA_m^2/cm^3: 2207.03 ASA_m^2/g: 2696.41 NASA_A^2: 76.7116 NASA_m^2/cm^3: 52.9116 NASA_m^2/g: 64.6439
Number_of_channels: 1 Channel_surface_area_A^2: 3199.77  
Number_of_pockets: 56 Pocket_surface_area_A^2: 9.22926  9.49734  0  0.545263  0.445755  0.105083  0.196641  0.1475  0.2217  0.549325  0.438648  0.00101539  8.99928  1.5442  0.0588925  0.543233  0.353355  0.201795  0.110199  0.0203078  0.231452  0.161294  0.666094  0.396001  0  0.00304616  0  0.0111693  0.464032  0.509725  0.0822464  0.0081231  0.119701  0.0351746  0.617356  0.656956  9.08855  8.72346  0  0.0081231  0.053184  0.553386  0.548309  0.135641  0.0111693  0.02527  0.135967  0.476217  0.673202  10.1871  8.91272  0  0.00609233  0.00101539  0  0.00101539  
