@ ./zeo_outputs/13000N2_ddec.cif.sa Unitcell_volume: 1261.29   Density: 1.58059   ASA_A^2: 398.045 ASA_m^2/cm^3: 3155.85 ASA_m^2/g: 1996.63 NASA_A^2: 0.290323 NASA_m^2/cm^3: 2.30179 NASA_m^2/g: 1.45629
Number_of_channels: 1 Channel_surface_area_A^2: 398.045  
Number_of_pockets: 8 Pocket_surface_area_A^2: 0.0965209  0.00609233  0.0421281  0.0876375  0.000869492  0.018277  0.00710772  0.0316897  
