@ ./zeo_outputs/13010N2_ddec.cif.sa Unitcell_volume: 8775.97   Density: 0.579132   ASA_A^2: 1525.48 ASA_m^2/cm^3: 1738.25 ASA_m^2/g: 3001.47 NASA_A^2: 0.988911 NASA_m^2/cm^3: 1.12684 NASA_m^2/g: 1.94574
Number_of_channels: 3 Channel_surface_area_A^2: 1326.1  99.3564  100.027  
Number_of_pockets: 31 Pocket_surface_area_A^2: 0.0223385  0.0213231  0.018277  0.00507694  0  0  0.00609233  0.00101539  0  0  0.00304616  0  0.00304616  0  0.0121847  0.147031  0.0121847  0.0081231  0.0335078  0.0751387  0.20122  0.0335078  0.0294462  0.0121847  0.0172616  0.0274155  0.0132  0.0477232  0.133983  0.0984926  0.00609233  
