@ ./zeo_outputs/13010N2_ddec.cif.vol Unitcell_volume: 8775.97   Density: 0.579132   AV_A^3: 5657.87 AV_Volume_fraction: 0.6447 AV_cm^3/g: 1.11322 NAV_A^3: 0 NAV_Volume_fraction: 0 NAV_cm^3/g: 0
Number_of_channels: 3 Channel_volume_A^3: 5616.62  22.291  18.9561  
Number_of_pockets: 31 Pocket_volume_A^3: 0  0  0  0  0  0  0  0  0  0  0  0  0  0  0  0  0  0  0  0  0  0  0  0  0  0  0  0  0  0  0  
