@ ./zeo_outputs/13012N2_ddec.cif.vol Unitcell_volume: 12417   Density: 0.470374   AV_A^3: 8819.29 AV_Volume_fraction: 0.71026 AV_cm^3/g: 1.50999 NAV_A^3: 0 NAV_Volume_fraction: 0 NAV_cm^3/g: 0
Number_of_channels: 3 Channel_volume_A^3: 8785.02  15.8937  18.3771  
Number_of_pockets: 15 Pocket_volume_A^3: 0  0  0  0  0  0  0  0  0  0  0  0  0  0  0  
