@ ./zeo_outputs/13011N2_ddec.cif.vol Unitcell_volume: 12479.3   Density: 0.506384   AV_A^3: 8613.43 AV_Volume_fraction: 0.69022 AV_cm^3/g: 1.36304 NAV_A^3: 1.24793 NAV_Volume_fraction: 0.0001 NAV_cm^3/g: 0.000197478
Number_of_channels: 3 Channel_volume_A^3: 8568.01  21.9635  23.461  
Number_of_pockets: 55 Pocket_volume_A^3: 0  0.249585  0  0  0  0  0  0  0  0  0  0  0  0  0  0  0.249585  0  0  0  0  0  0  0  0  0  0  0  0.249585  0  0  0  0  0  0  0  0  0  0  0  0.249585  0  0  0  0  0  0  0  0  0  0  0  0  0  0.249585  
