@ ./zeo_outputs/13012N2_ddec.cif.sa Unitcell_volume: 12417   Density: 0.470374   ASA_A^2: 1740.16 ASA_m^2/cm^3: 1401.43 ASA_m^2/g: 2979.41 NASA_A^2: 0.150277 NASA_m^2/cm^3: 0.121026 NASA_m^2/g: 0.257297
Number_of_channels: 3 Channel_surface_area_A^2: 1584.82  75.862  79.4787  
Number_of_pockets: 15 Pocket_surface_area_A^2: 0.00203078  0  0  0.0507694  0.00507694  0  0  0  0.00203078  0.00913849  0.0274155  0.0426463  0  0.00203078  0.00913849  
