@ ./zeo_outputs/13011N2_ddec.cif.sa Unitcell_volume: 12479.3   Density: 0.506384   ASA_A^2: 1907.17 ASA_m^2/cm^3: 1528.27 ASA_m^2/g: 3018.01 NASA_A^2: 12.7675 NASA_m^2/cm^3: 10.231 NASA_m^2/g: 20.204
Number_of_channels: 3 Channel_surface_area_A^2: 1703.24  101.386  102.543  
Number_of_pockets: 55 Pocket_surface_area_A^2: 1.15551  1.21237  0.160003  0.0142154  0.00710772  0.0599079  0.0720925  0.0355386  0.0264001  0.0132  0.0832618  0.0517848  0.0132  0.223652  1.07936  0.0161698  0.973757  1.02859  0.00507694  0.00304616  0.276851  0.00710772  0.0203078  0.0304616  0.0101539  0.00913849  0.0243693  0.00609233  1.03976  0.0172616  0.00710772  0.138093  0.124893  0.0345232  0.0639694  0.0426463  0.0538156  0.0619387  0.0619387  0.276291  1.02554  0.874249  0.737172  0.00913849  0.0121847  0.00507694  0.205642  0.0873234  0.0172616  0.0731079  0.0731079  0.036554  0  0  1.07022  
