@ ./zeo_outputs/13040N3_ddec.cif.sa Unitcell_volume: 4781.17   Density: 1.01261   ASA_A^2: 1950.08 ASA_m^2/cm^3: 4078.66 ASA_m^2/g: 4027.87 NASA_A^2: 0.763945 NASA_m^2/cm^3: 1.59782 NASA_m^2/g: 1.57792
Number_of_channels: 1 Channel_surface_area_A^2: 1950.08  
Number_of_pockets: 14 Pocket_surface_area_A^2: 0.168763  0  0.23123  0.00855491  0  0.0255453  0.00147781  0  0.0171157  0  0  0.261224  0.0195783  0.0304558  
