@ ./zeo_outputs/13050N2_ddec.cif.sa Unitcell_volume: 5291.01   Density: 0.644587   ASA_A^2: 1099.21 ASA_m^2/cm^3: 2077.51 ASA_m^2/g: 3223.01 NASA_A^2: 1.24788 NASA_m^2/cm^3: 2.3585 NASA_m^2/g: 3.65893
Number_of_channels: 1 Channel_surface_area_A^2: 1099.21  
Number_of_pockets: 36 Pocket_surface_area_A^2: 0.0426463  0.10357  0.0660002  0.0555487  0.114314  0.062406  0.00101539  0.00101539  0.00203078  0.0287245  0.00913849  0.0619387  0.0121847  0.0294462  0.00710772  0.0162462  0.00710772  0.00522374  0.0538156  0.132458  0.0660002  0.028926  0.0213231  0.0548309  0.0487386  0.0436617  0.00203078  0.00203078  0.0556955  0.00101539  0.0284309  0  0.00710772  0.00710772  0.0619387  0.00710772  
