@ ./zeo_outputs/13060N2_ddec.cif.sa Unitcell_volume: 6061.74   Density: 0.669197   ASA_A^2: 1843.95 ASA_m^2/cm^3: 3041.95 ASA_m^2/g: 4545.68 NASA_A^2: 0.052217 NASA_m^2/cm^3: 0.0861419 NASA_m^2/g: 0.128724
Number_of_channels: 1 Channel_surface_area_A^2: 1843.95  
Number_of_pockets: 4 Pocket_surface_area_A^2: 0  0.0467078  0.00246301  0.00304616  
