@ ./zeo_outputs/13070N2_ddec.cif.vol Unitcell_volume: 5339.3   Density: 0.705914   AV_A^3: 3159.69 AV_Volume_fraction: 0.59178 AV_cm^3/g: 0.838317 NAV_A^3: 0 NAV_Volume_fraction: 0 NAV_cm^3/g: 0
Number_of_channels: 1 Channel_volume_A^3: 3159.69  
Number_of_pockets: 19 Pocket_volume_A^3: 0  0  0  0  0  0  0  0  0  0  0  0  0  0  0  0  0  0  0  
