@ ./zeo_outputs/13073N2_ddec.cif.vol Unitcell_volume: 5296.45   Density: 0.711626   AV_A^3: 3707.52 AV_Volume_fraction: 0.7 AV_cm^3/g: 0.983663 NAV_A^3: 0 NAV_Volume_fraction: 0 NAV_cm^3/g: 0
Number_of_channels: 1 Channel_volume_A^3: 3707.52  
Number_of_pockets: 30 Pocket_volume_A^3: 0  0  0  0  0  0  0  0  0  0  0  0  0  0  0  0  0  0  0  0  0  0  0  0  0  0  0  0  0  0  
