@ ./zeo_outputs/13070N2_ddec.cif.sa Unitcell_volume: 5339.3   Density: 0.705914   ASA_A^2: 1232.03 ASA_m^2/cm^3: 2307.47 ASA_m^2/g: 3268.76 NASA_A^2: 1.34015 NASA_m^2/cm^3: 2.50997 NASA_m^2/g: 3.55563
Number_of_channels: 1 Channel_surface_area_A^2: 1232.03  
Number_of_pockets: 19 Pocket_surface_area_A^2: 0.0385847  0  0  0.493192  0.245029  0.0670156  0  0.012388  0.00084167  0.00913849  0  0.111053  0  0.18106  0.0264001  0.0863996  0.068031  0.00101539  0  
