@ ./zeo_outputs/13076N2_ddec.cif.sa Unitcell_volume: 2907.75   Density: 0.973686   ASA_A^2: 778.674 ASA_m^2/cm^3: 2677.93 ASA_m^2/g: 2750.3 NASA_A^2: 1.12524 NASA_m^2/cm^3: 3.86978 NASA_m^2/g: 3.97437
Number_of_channels: 1 Channel_surface_area_A^2: 778.674  
Number_of_pockets: 22 Pocket_surface_area_A^2: 0.0589305  0.156063  0.0999875  0.00541862  0.119412  0.106751  0  0.00406155  0.0262513  0.104463  0.195462  0.0895435  0.0394191  0.0745363  0.00101539  0.00304616  0.0236129  0  0.00304616  0.0111693  0  0.00304616  
