@ ./zeo_outputs/13073N2_ddec.cif.sa Unitcell_volume: 5296.45   Density: 0.711626   ASA_A^2: 1204.67 ASA_m^2/cm^3: 2274.48 ASA_m^2/g: 3196.17 NASA_A^2: 5.27499 NASA_m^2/cm^3: 9.95948 NASA_m^2/g: 13.9954
Number_of_channels: 1 Channel_surface_area_A^2: 1204.67  
Number_of_pockets: 30 Pocket_surface_area_A^2: 0.0284309  0.0585224  0.00304616  0.00406155  0.803178  0.0600321  0.55125  0  1.02643  0.665242  0.595353  0  0  0.290459  0.0905159  0.0639694  0.0758268  0.0405873  0  0.0609233  0.00203078  0.0491252  0.00406155  0.655413  0  0.0602284  0.0802156  0.00609233  0  0  
