@ ./zeo_outputs/13071N2_ddec.cif.sa Unitcell_volume: 5208.02   Density: 0.605214   ASA_A^2: 1153.71 ASA_m^2/cm^3: 2215.25 ASA_m^2/g: 3660.28 NASA_A^2: 3.90524 NASA_m^2/cm^3: 7.4985 NASA_m^2/g: 12.3898
Number_of_channels: 1 Channel_surface_area_A^2: 1153.71  
Number_of_pockets: 18 Pocket_surface_area_A^2: 0.0172616  0.0500399  0.0897481  0.195265  0.214015  0.904433  0.380978  0.0214535  0.00420672  0  0.0223385  0.228064  0.126462  0.138142  0.983785  0.251466  0.27656  0.00101539  
