@ ./zeo_outputs/13071N2_ddec.cif.vol Unitcell_volume: 5208.02   Density: 0.605214   AV_A^3: 3124.81 AV_Volume_fraction: 0.6 AV_cm^3/g: 0.991384 NAV_A^3: 0 NAV_Volume_fraction: 0 NAV_cm^3/g: 0
Number_of_channels: 1 Channel_volume_A^3: 3124.81  
Number_of_pockets: 18 Pocket_volume_A^3: 0  0  0  0  0  0  0  0  0  0  0  0  0  0  0  0  0  0  
