@ ./zeo_outputs/13072N2_ddec.cif.sa Unitcell_volume: 5302.05   Density: 0.598194   ASA_A^2: 1113.65 ASA_m^2/cm^3: 2100.42 ASA_m^2/g: 3511.27 NASA_A^2: 1.07851 NASA_m^2/cm^3: 2.03414 NASA_m^2/g: 3.40047
Number_of_channels: 1 Channel_surface_area_A^2: 1113.65  
Number_of_pockets: 9 Pocket_surface_area_A^2: 0.00840441  0.027467  0.0420975  0.00710772  0.731324  0.0142154  0.00710772  0.0335078  0.20728  
