@ ./zeo_outputs/13073N2_ddec.cif.vol Unitcell_volume: 5296.45   Density: 0.711626   AV_A^3: 3091.33 AV_Volume_fraction: 0.58366 AV_cm^3/g: 0.820178 NAV_A^3: 0.105929 NAV_Volume_fraction: 2e-05 NAV_cm^3/g: 2.81047e-05
Number_of_channels: 1 Channel_volume_A^3: 3091.33  
Number_of_pockets: 30 Pocket_volume_A^3: 0  0  0  0  0  0  0  0  0  0.105929  0  0  0  0  0  0  0  0  0  0  0  0  0  0  0  0  0  0  0  0  
