@ ./zeo_outputs/13075N2_ddec.cif.vol Unitcell_volume: 2932.18   Density: 0.843315   AV_A^3: 1172.87 AV_Volume_fraction: 0.4 AV_cm^3/g: 0.474319 NAV_A^3: 0 NAV_Volume_fraction: 0 NAV_cm^3/g: 0
Number_of_channels: 1 Channel_volume_A^3: 1172.87  
Number_of_pockets: 17 Pocket_volume_A^3: 0  0  0  0  0  0  0  0  0  0  0  0  0  0  0  0  0  
