@ ./zeo_outputs/13076N2_ddec.cif.vol Unitcell_volume: 2907.75   Density: 0.973686   AV_A^3: 1444.57 AV_Volume_fraction: 0.4968 AV_cm^3/g: 0.510226 NAV_A^3: 0 NAV_Volume_fraction: 0 NAV_cm^3/g: 0
Number_of_channels: 1 Channel_volume_A^3: 1444.57  
Number_of_pockets: 22 Pocket_volume_A^3: 0  0  0  0  0  0  0  0  0  0  0  0  0  0  0  0  0  0  0  0  0  0  
