@ ./zeo_outputs/13074N2_ddec.cif.vol Unitcell_volume: 5167.38   Density: 0.671669   AV_A^3: 2965.46 AV_Volume_fraction: 0.57388 AV_cm^3/g: 0.854409 NAV_A^3: 0 NAV_Volume_fraction: 0 NAV_cm^3/g: 0
Number_of_channels: 1 Channel_volume_A^3: 2965.46  
Number_of_pockets: 16 Pocket_volume_A^3: 0  0  0  0  0  0  0  0  0  0  0  0  0  0  0  0  
