@ ./zeo_outputs/13075N2_ddec.cif.sa Unitcell_volume: 2932.18   Density: 0.843315   ASA_A^2: 767.626 ASA_m^2/cm^3: 2617.93 ASA_m^2/g: 3104.34 NASA_A^2: 0.464628 NASA_m^2/cm^3: 1.58458 NASA_m^2/g: 1.87899
Number_of_channels: 1 Channel_surface_area_A^2: 767.626  
Number_of_pockets: 17 Pocket_surface_area_A^2: 0  0.023203  0  0  0  0.039381  0  0.00304616  0.107655  0  0.0284309  0.0172616  0.0720211  0  0.0924593  0.0791396  0.00203078  
