@ ./zeo_outputs/13077N2_ddec.cif.vol Unitcell_volume: 2917.87   Density: 0.878242   AV_A^3: 1167.15 AV_Volume_fraction: 0.4 AV_cm^3/g: 0.455455 NAV_A^3: 0 NAV_Volume_fraction: 0 NAV_cm^3/g: 0
Number_of_channels: 1 Channel_volume_A^3: 1167.15  
Number_of_pockets: 23 Pocket_volume_A^3: 0  0  0  0  0  0  0  0  0  0  0  0  0  0  0  0  0  0  0  0  0  0  0  
