@ ./zeo_outputs/13074N2_ddec.cif.sa Unitcell_volume: 5167.38   Density: 0.671669   ASA_A^2: 1294.08 ASA_m^2/cm^3: 2504.32 ASA_m^2/g: 3728.5 NASA_A^2: 2.02977 NASA_m^2/cm^3: 3.92804 NASA_m^2/g: 5.84818
Number_of_channels: 1 Channel_surface_area_A^2: 1294.08  
Number_of_pockets: 16 Pocket_surface_area_A^2: 0.241889  0.138905  0.00623234  0.464225  0  0.0522618  0.156847  0.0913322  0.00203078  0.233468  0.13534  0.224039  0.0326228  0  0.245159  0.00541862  
