@ ./zeo_outputs/13077N2_ddec.cif.sa Unitcell_volume: 2917.87   Density: 0.878242   ASA_A^2: 814.087 ASA_m^2/cm^3: 2790 ASA_m^2/g: 3176.81 NASA_A^2: 0.789199 NASA_m^2/cm^3: 2.70471 NASA_m^2/g: 3.07969
Number_of_channels: 1 Channel_surface_area_A^2: 814.087  
Number_of_pockets: 23 Pocket_surface_area_A^2: 0  0.0599079  0.0756449  0.0152308  0.176123  0.0081231  0.0142154  0.034763  0.0111693  0.0284309  0.0121847  0.031306  0.00406155  0.0558463  0.0677014  0.0172616  0.0810851  0.0426463  0.0433439  0.0101539  0  0  0  
