@ ./zeo_outputs/13080N2_ddec.cif.sa Unitcell_volume: 5029.53   Density: 0.797164   ASA_A^2: 1055.38 ASA_m^2/cm^3: 2098.36 ASA_m^2/g: 2632.28 NASA_A^2: 1.69398 NASA_m^2/cm^3: 3.36807 NASA_m^2/g: 4.22506
Number_of_channels: 1 Channel_surface_area_A^2: 1055.38  
Number_of_pockets: 56 Pocket_surface_area_A^2: 0.0728103  0.0142154  0.036554  0.036554  0.0233539  0.0839854  0.0226244  0.0101539  0.0223385  0.0203078  0.0284309  0.0606256  0.0477232  0.018277  0.0253847  0.00710772  0.0416309  0.0111693  0.018277  0.0345232  0  0.0081231  0.0517848  0.0324924  0.0245093  0.0528002  0.0324924  0.0233539  0.0162462  0.0192924  0.0172616  0.00406155  0.104684  0.00710772  0  0.118753  0.0326207  0  0  0.00507694  0.0661226  0.116437  0.0385847  0.0274155  0.00203078  0.00203078  0.0264001  0.00101539  0.0121847  0.036554  0.0807698  0.062061  0.0101539  0  0  0.0255129  
