@ ./zeo_outputs/13090N2_ddec.cif.sa Unitcell_volume: 6417.61   Density: 0.577518   ASA_A^2: 1089.22 ASA_m^2/cm^3: 1697.23 ASA_m^2/g: 2938.84 NASA_A^2: 1.82819 NASA_m^2/cm^3: 2.84871 NASA_m^2/g: 4.93268
Number_of_channels: 1 Channel_surface_area_A^2: 1089.22  
Number_of_pockets: 26 Pocket_surface_area_A^2: 0.153911  0.0142154  0.0264001  0.0355386  0.168962  0.0883387  0.134342  0.195808  0.0660002  0.018277  0.0233539  0  0.161258  0.00203078  0.0192924  0.100523  0.031477  0.205135  0.134008  0.159965  0.0771695  0.00203078  0.0101539  0  0  0  
