@ ./zeo_outputs/13090N2_ddec.cif.vol Unitcell_volume: 6417.61   Density: 0.577518   AV_A^3: 4492.33 AV_Volume_fraction: 0.7 AV_cm^3/g: 1.21208 NAV_A^3: 0 NAV_Volume_fraction: 0 NAV_cm^3/g: 0
Number_of_channels: 1 Channel_volume_A^3: 4492.33  
Number_of_pockets: 26 Pocket_volume_A^3: 0  0  0  0  0  0  0  0  0  0  0  0  0  0  0  0  0  0  0  0  0  0  0  0  0  0  
