@ ./zeo_outputs/13100N2_ddec.cif.sa Unitcell_volume: 10507.4   Density: 0.48227   ASA_A^2: 2559.2 ASA_m^2/cm^3: 2435.61 ASA_m^2/g: 5050.32 NASA_A^2: 0.0500655 NASA_m^2/cm^3: 0.0476478 NASA_m^2/g: 0.0987991
Number_of_channels: 1 Channel_surface_area_A^2: 2559.2  
Number_of_pockets: 2 Pocket_surface_area_A^2: 0.0155423  0.0345232  
