@ ./zeo_outputs/13121N2_ddec.cif.sa Unitcell_volume: 9798.5   Density: 0.52667   ASA_A^2: 2331.81 ASA_m^2/cm^3: 2379.76 ASA_m^2/g: 4518.51 NASA_A^2: 0.150195 NASA_m^2/cm^3: 0.153284 NASA_m^2/g: 0.291044
Number_of_channels: 1 Channel_surface_area_A^2: 2331.81  
Number_of_pockets: 3 Pocket_surface_area_A^2: 0.0282896  0  0.121906  
