@ ./zeo_outputs/13122N2_ddec.cif.vol Unitcell_volume: 8267.91   Density: 0.402596   AV_A^3: 5896.84 AV_Volume_fraction: 0.71322 AV_cm^3/g: 1.77155 NAV_A^3: 1.65358 NAV_Volume_fraction: 0.0002 NAV_cm^3/g: 0.000496776
Number_of_channels: 1 Channel_volume_A^3: 5896.84  
Number_of_pockets: 3 Pocket_volume_A^3: 0  0.165358  1.48822  
