@ ./zeo_outputs/13123N2_ddec.cif.sa Unitcell_volume: 5119.89   Density: 0.616965   ASA_A^2: 1214.8 ASA_m^2/cm^3: 2372.7 ASA_m^2/g: 3845.77 NASA_A^2: 15.4125 NASA_m^2/cm^3: 30.1031 NASA_m^2/g: 48.7923
Number_of_channels: 1 Channel_surface_area_A^2: 1214.8  
Number_of_pockets: 6 Pocket_surface_area_A^2: 0.765352  2.37275  0  1.05702  10.2295  0.987869  
