@ ./zeo_outputs/13122N2_ddec.cif.sa Unitcell_volume: 8267.91   Density: 0.402596   ASA_A^2: 1657.51 ASA_m^2/cm^3: 2004.75 ASA_m^2/g: 4979.56 NASA_A^2: 11.7447 NASA_m^2/cm^3: 14.2051 NASA_m^2/g: 35.2838
Number_of_channels: 1 Channel_surface_area_A^2: 1657.51  
Number_of_pockets: 3 Pocket_surface_area_A^2: 0.0944311  1.22938  10.4208  
