@ ./zeo_outputs/13123N2_ddec.cif.vol Unitcell_volume: 5119.89   Density: 0.616965   AV_A^3: 3131.84 AV_Volume_fraction: 0.6117 AV_cm^3/g: 0.991466 NAV_A^3: 1.02398 NAV_Volume_fraction: 0.0002 NAV_cm^3/g: 0.000324167
Number_of_channels: 1 Channel_volume_A^3: 3131.84  
Number_of_pockets: 6 Pocket_volume_A^3: 0  0.102398  0  0  0.819182  0.102398  
