@ ./zeo_outputs/13130N2_ddec.cif.sa Unitcell_volume: 17137   Density: 0.378002   ASA_A^2: 2138.1 ASA_m^2/cm^3: 1247.65 ASA_m^2/g: 3300.64 NASA_A^2: 12.2992 NASA_m^2/cm^3: 7.177 NASA_m^2/g: 18.9867
Number_of_channels: 1 Channel_surface_area_A^2: 2138.1  
Number_of_pockets: 39 Pocket_surface_area_A^2: 0  0.390924  1.3332  0.0081231  0.00101539  0.00710772  0.752402  0.0436617  2.34097  2.27331  0.408401  0.108647  0  0.00420199  0.0368772  0.190893  0.170585  0  0.00394081  0.0614152  0.618142  0.00609233  0.907757  0.0111693  0.0121847  0.0771695  0.198001  1.02757  0.0528002  0.0913849  0.00101539  0.0690464  0  0.244399  0  0.122862  0  0.721941  0.00203078  
