@ ./zeo_outputs/13130N2_ddec.cif.vol Unitcell_volume: 17137   Density: 0.378002   AV_A^3: 13296.6 AV_Volume_fraction: 0.7759 AV_cm^3/g: 2.05263 NAV_A^3: 0.685482 NAV_Volume_fraction: 4e-05 NAV_cm^3/g: 0.00010582
Number_of_channels: 1 Channel_volume_A^3: 13296.6  
Number_of_pockets: 39 Pocket_volume_A^3: 0  0  0  0  0  0  0  0  0.342741  0.342741  0  0  0  0  0  0  0  0  0  0  0  0  0  0  0  0  0  0  0  0  0  0  0  0  0  0  0  0  0  
