@ ./zeo_outputs/13142N2_ddec.cif.sa Unitcell_volume: 1888.99   Density: 1.0118   ASA_A^2: 536.019 ASA_m^2/cm^3: 2837.6 ASA_m^2/g: 2804.49 NASA_A^2: 0.29301 NASA_m^2/cm^3: 1.55115 NASA_m^2/g: 1.53305
Number_of_channels: 1 Channel_surface_area_A^2: 536.019  
Number_of_pockets: 10 Pocket_surface_area_A^2: 0.116145  0.00101539  0  0.0192924  0.122149  0.00406155  0  0.0283162  0.00203078  0  
