@ ./zeo_outputs/13150N2_ddec.cif.sa Unitcell_volume: 5190.67   Density: 0.553389   ASA_A^2: 1083.76 ASA_m^2/cm^3: 2087.91 ASA_m^2/g: 3772.94 NASA_A^2: 1.28395 NASA_m^2/cm^3: 2.47358 NASA_m^2/g: 4.46987
Number_of_channels: 1 Channel_surface_area_A^2: 1083.76  
Number_of_pockets: 13 Pocket_surface_area_A^2: 0.0895957  0.0639278  0.101257  0.112285  0.025707  0.147056  0.0651424  0.160406  0.0955247  0.110489  0.146633  0.0755587  0.0903695  
