@ ./zeo_outputs/13170N2_ddec.cif.vol Unitcell_volume: 8895.83   Density: 0.596881   AV_A^3: 5631.77 AV_Volume_fraction: 0.63308 AV_cm^3/g: 1.06065 NAV_A^3: 6.405 NAV_Volume_fraction: 0.00072 NAV_cm^3/g: 0.00120627
Number_of_channels: 1 Channel_volume_A^3: 5631.77  
Number_of_pockets: 15 Pocket_volume_A^3: 0  0  0  0  0  6.405  0  0  0  0  0  0  0  0  0  
