@ ./zeo_outputs/13170N2_ddec.cif.sa Unitcell_volume: 8895.83   Density: 0.596881   ASA_A^2: 1719.66 ASA_m^2/cm^3: 1933.11 ASA_m^2/g: 3238.68 NASA_A^2: 32.6768 NASA_m^2/cm^3: 36.7327 NASA_m^2/g: 61.5411
Number_of_channels: 1 Channel_surface_area_A^2: 1719.66  
Number_of_pockets: 15 Pocket_surface_area_A^2: 0.140124  0.0722024  0.00304616  0.240647  0.0253847  30.9717  0.555417  0  0.0264001  0  0.598063  0.0335078  0  0.000869492  0.0094244  
