@ ./zeo_outputs/13190N2_ddec.cif.vol Unitcell_volume: 4150.55   Density: 0.884416   AV_A^3: 1662.13 AV_Volume_fraction: 0.40046 AV_cm^3/g: 0.452796 NAV_A^3: 0.083011 NAV_Volume_fraction: 2e-05 NAV_cm^3/g: 2.26138e-05
Number_of_channels: 1 Channel_volume_A^3: 1662.13  
Number_of_pockets: 6 Pocket_volume_A^3: 0.083011  0  0  0  0  0  
