@ ./zeo_outputs/13191N2_ddec.cif.sa Unitcell_volume: 7683.78   Density: 0.576409   ASA_A^2: 1885.51 ASA_m^2/cm^3: 2453.88 ASA_m^2/g: 4257.19 NASA_A^2: 44.8932 NASA_m^2/cm^3: 58.426 NASA_m^2/g: 101.362
Number_of_channels: 1 Channel_surface_area_A^2: 1885.51  
Number_of_pockets: 8 Pocket_surface_area_A^2: 11.3936  10.91  0.00750976  0.0163766  11.2155  0.0534429  0.00197041  11.2948  
