@ ./zeo_outputs/13191N2_ddec.cif.vol Unitcell_volume: 7683.78   Density: 0.576409   AV_A^3: 4618.41 AV_Volume_fraction: 0.60106 AV_cm^3/g: 1.04277 NAV_A^3: 3.22719 NAV_Volume_fraction: 0.00042 NAV_cm^3/g: 0.00072865
Number_of_channels: 1 Channel_volume_A^3: 4618.41  
Number_of_pockets: 8 Pocket_volume_A^3: 1.2294  0.461027  0  0  0.922053  0  0  0.614702  
