@ ./zeo_outputs/13190N2_ddec.cif.sa Unitcell_volume: 4150.55   Density: 0.884416   ASA_A^2: 1505.15 ASA_m^2/cm^3: 3626.39 ASA_m^2/g: 4100.32 NASA_A^2: 5.43897 NASA_m^2/cm^3: 13.1042 NASA_m^2/g: 14.8168
Number_of_channels: 1 Channel_surface_area_A^2: 1505.15  
Number_of_pockets: 6 Pocket_surface_area_A^2: 1.38638  0.632976  1.63861  0.791348  0.989655  0  
