@ ./zeo_outputs/14000N2_ddec.cif.sa Unitcell_volume: 1305.62   Density: 0.794481   ASA_A^2: 446.527 ASA_m^2/cm^3: 3420.04 ASA_m^2/g: 4304.74 NASA_A^2: 0.0487386 NASA_m^2/cm^3: 0.373298 NASA_m^2/g: 0.469864
Number_of_channels: 1 Channel_surface_area_A^2: 446.527  
Number_of_pockets: 3 Pocket_surface_area_A^2: 0.0264001  0  0.0223385  
