@ ./zeo_outputs/14030N2_ddec.cif.vol Unitcell_volume: 16717.6   Density: 0.413797   AV_A^3: 12378 AV_Volume_fraction: 0.74042 AV_cm^3/g: 1.78933 NAV_A^3: 13.0397 NAV_Volume_fraction: 0.00078 NAV_cm^3/g: 0.00188498
Number_of_channels: 1 Channel_volume_A^3: 12378  
Number_of_pockets: 41 Pocket_volume_A^3: 0  0  5.34963  0  0  0  0  0  0  0  0  0  0  0  7.6901  0  0  0  0  0  0  0  0  0  0  0  0  0  0  0  0  0  0  0  0  0  0  0  0  0  0  
