@ ./zeo_outputs/14030N2_ddec.cif.sa Unitcell_volume: 16717.6   Density: 0.413797   ASA_A^2: 2341.07 ASA_m^2/cm^3: 1400.36 ASA_m^2/g: 3384.18 NASA_A^2: 75.0808 NASA_m^2/cm^3: 44.9113 NASA_m^2/g: 108.535
Number_of_channels: 1 Channel_surface_area_A^2: 2341.07  
Number_of_pockets: 41 Pocket_surface_area_A^2: 0.00101539  2.2808  34.2149  0.0355386  0.0203078  0.0304616  0  0  0  0  0  0  0  0.0525683  34.3272  0.470107  0.08501  0  0  1.2831  1.49777  0.0213231  0.0121847  0.0213231  0.00246301  0.00203078  0.0284309  0.114739  0.0203078  0  0.000492602  0.00101539  0  0  0.20917  0.136062  0.00134111  0.0284309  0.086308  0.0792003  0.0172616  
