@ ./zeo_outputs/14040N2_ddec.cif.sa Unitcell_volume: 11580.1   Density: 0.4341   ASA_A^2: 2083.52 ASA_m^2/cm^3: 1799.23 ASA_m^2/g: 4144.73 NASA_A^2: 0.590299 NASA_m^2/cm^3: 0.509754 NASA_m^2/g: 1.17428
Number_of_channels: 1 Channel_surface_area_A^2: 2083.52  
Number_of_pockets: 13 Pocket_surface_area_A^2: 0.137496  0.088861  0.118928  0.0827666  0.00101539  0.00652783  0.142002  0  0  0.00101539  0  0.00507694  0.00660936  
