@ ./zeo_outputs/14060N2_ddec.cif.sa Unitcell_volume: 4482.46   Density: 0.566808   ASA_A^2: 1133.32 ASA_m^2/cm^3: 2528.34 ASA_m^2/g: 4460.66 NASA_A^2: 0.0202269 NASA_m^2/cm^3: 0.0451244 NASA_m^2/g: 0.0796114
Number_of_channels: 1 Channel_surface_area_A^2: 1133.32  
Number_of_pockets: 1 Pocket_surface_area_A^2: 0.0202269  
