@ ./zeo_outputs/14071N2_ddec.cif.sa Unitcell_volume: 11880.5   Density: 0.51383   ASA_A^2: 2464.22 ASA_m^2/cm^3: 2074.17 ASA_m^2/g: 4036.68 NASA_A^2: 0.425302 NASA_m^2/cm^3: 0.357982 NASA_m^2/g: 0.696694
Number_of_channels: 1 Channel_surface_area_A^2: 2464.22  
Number_of_pockets: 18 Pocket_surface_area_A^2: 0.227301  0  0  0.0426463  0.00304616  0  0  0.0720925  0.0132  0  0  0.0111693  0  0  0  0.0304616  0.0253847  0  
