@ ./zeo_outputs/14071N2_ddec.cif.vol Unitcell_volume: 11880.5   Density: 0.51383   AV_A^3: 7846.61 AV_Volume_fraction: 0.66046 AV_cm^3/g: 1.28537 NAV_A^3: 0 NAV_Volume_fraction: 0 NAV_cm^3/g: 0
Number_of_channels: 1 Channel_volume_A^3: 7846.61  
Number_of_pockets: 18 Pocket_volume_A^3: 0  0  0  0  0  0  0  0  0  0  0  0  0  0  0  0  0  0  
