@ ./zeo_outputs/14070N2_ddec.cif.sa Unitcell_volume: 13093.6   Density: 0.466224   ASA_A^2: 2948.18 ASA_m^2/cm^3: 2251.62 ASA_m^2/g: 4829.47 NASA_A^2: 0.000985203 NASA_m^2/cm^3: 0.00075243 NASA_m^2/g: 0.00161388
Number_of_channels: 1 Channel_surface_area_A^2: 2948.18  
Number_of_pockets: 2 Pocket_surface_area_A^2: 0.000985203  0  
