@ ./zeo_outputs/14071N2_ddec.cif.vol Unitcell_volume: 11880.5   Density: 0.51383   AV_A^3: 4752.21 AV_Volume_fraction: 0.4 AV_cm^3/g: 0.778468 NAV_A^3: 0 NAV_Volume_fraction: 0 NAV_cm^3/g: 0
Number_of_channels: 1 Channel_volume_A^3: 4752.21  
Number_of_pockets: 18 Pocket_volume_A^3: 0  0  0  0  0  0  0  0  0  0  0  0  0  0  0  0  0  0  
