@ ./zeo_outputs/14073N2_ddec.cif.sa Unitcell_volume: 11139.7   Density: 0.493057   ASA_A^2: 2677.73 ASA_m^2/cm^3: 2403.79 ASA_m^2/g: 4875.28 NASA_A^2: 0.00394081 NASA_m^2/cm^3: 0.00353765 NASA_m^2/g: 0.00717493
Number_of_channels: 1 Channel_surface_area_A^2: 2677.73  
Number_of_pockets: 2 Pocket_surface_area_A^2: 0  0.00394081  
