@ ./zeo_outputs/14090N2_ddec.cif.vol Unitcell_volume: 6428.73   Density: 0.490232   AV_A^3: 4431.07 AV_Volume_fraction: 0.68926 AV_cm^3/g: 1.40599 NAV_A^3: 0 NAV_Volume_fraction: 0 NAV_cm^3/g: 0
Number_of_channels: 1 Channel_volume_A^3: 4431.07  
Number_of_pockets: 16 Pocket_volume_A^3: 0  0  0  0  0  0  0  0  0  0  0  0  0  0  0  0  
