@ ./zeo_outputs/14091N2_ddec.cif.sa Unitcell_volume: 6496.08   Density: 0.480058   ASA_A^2: 1168.4 ASA_m^2/cm^3: 1798.62 ASA_m^2/g: 3746.68 NASA_A^2: 0.120584 NASA_m^2/cm^3: 0.185626 NASA_m^2/g: 0.386674
Number_of_channels: 1 Channel_surface_area_A^2: 1168.4  
Number_of_pockets: 9 Pocket_surface_area_A^2: 0.00203078  0.00609233  0.0297322  0  0  0.038504  0.00260848  0.00203078  0.0395854  
