@ ./zeo_outputs/14090N2_ddec.cif.sa Unitcell_volume: 6428.73   Density: 0.490232   ASA_A^2: 1227.73 ASA_m^2/cm^3: 1909.75 ASA_m^2/g: 3895.6 NASA_A^2: 0.965226 NASA_m^2/cm^3: 1.50142 NASA_m^2/g: 3.06268
Number_of_channels: 1 Channel_surface_area_A^2: 1227.73  
Number_of_pockets: 16 Pocket_surface_area_A^2: 0.0528002  0.0699634  0.109181  0.0550976  0  0.0656259  0.0896529  0.127915  0  0.00609233  0.0738139  0.144757  0.00101539  0.0335078  0.0930911  0.0427123  
