@ ./zeo_outputs/15010N2_ddec.cif.sa Unitcell_volume: 6213.33   Density: 0.514815   ASA_A^2: 1450.1 ASA_m^2/cm^3: 2333.85 ASA_m^2/g: 4533.38 NASA_A^2: 0.0314167 NASA_m^2/cm^3: 0.0505633 NASA_m^2/g: 0.0982165
Number_of_channels: 1 Channel_surface_area_A^2: 1450.1  
Number_of_pockets: 4 Pocket_surface_area_A^2: 0.00101539  0.0162462  0.0121847  0.00197041  
