@ ./zeo_outputs/15020N2_ddec.cif.sa Unitcell_volume: 16279.2   Density: 0.425609   ASA_A^2: 3300.1 ASA_m^2/cm^3: 2027.19 ASA_m^2/g: 4763.03 NASA_A^2: 0.021765 NASA_m^2/cm^3: 0.0133699 NASA_m^2/g: 0.0314135
Number_of_channels: 1 Channel_surface_area_A^2: 3300.1  
Number_of_pockets: 3 Pocket_surface_area_A^2: 0  0.021765  0  
