@ ./zeo_outputs/15030N2_ddec.cif.sa Unitcell_volume: 4144.56   Density: 0.555457   ASA_A^2: 945.594 ASA_m^2/cm^3: 2281.53 ASA_m^2/g: 4107.48 NASA_A^2: 0.290894 NASA_m^2/cm^3: 0.701869 NASA_m^2/g: 1.26359
Number_of_channels: 1 Channel_surface_area_A^2: 945.594  
Number_of_pockets: 4 Pocket_surface_area_A^2: 0.174647  0.000492602  0.0233539  0.0924003  
