@ ./zeo_outputs/15031N2_ddec.cif.sa Unitcell_volume: 6904.75   Density: 0.463394   ASA_A^2: 1245.91 ASA_m^2/cm^3: 1804.42 ASA_m^2/g: 3893.91 NASA_A^2: 1.89716 NASA_m^2/cm^3: 2.74761 NASA_m^2/g: 5.92932
Number_of_channels: 1 Channel_surface_area_A^2: 1245.91  
Number_of_pockets: 7 Pocket_surface_area_A^2: 0.036554  0.37103  0.75951  0.0111693  0.437632  0.281262  0  
