@ ./zeo_outputs/15040N2_ddec.cif.sa Unitcell_volume: 2156.42   Density: 0.707751   ASA_A^2: 658.314 ASA_m^2/cm^3: 3052.81 ASA_m^2/g: 4313.39 NASA_A^2: 0.0253847 NASA_m^2/cm^3: 0.117717 NASA_m^2/g: 0.166325
Number_of_channels: 1 Channel_surface_area_A^2: 658.314  
Number_of_pockets: 1 Pocket_surface_area_A^2: 0.0253847  
