@ ./zeo_outputs/15050N2_ddec.cif.sa Unitcell_volume: 1298.73   Density: 1.04417   ASA_A^2: 430.825 ASA_m^2/cm^3: 3317.28 ASA_m^2/g: 3176.95 NASA_A^2: 0.252097 NASA_m^2/cm^3: 1.9411 NASA_m^2/g: 1.85899
Number_of_channels: 1 Channel_surface_area_A^2: 430.825  
Number_of_pockets: 6 Pocket_surface_area_A^2: 0.00507694  0.0726662  0.0185975  0.106002  0  0.049754  
