@ ./zeo_outputs/15060N2_ddec.cif.sa Unitcell_volume: 6925.92   Density: 0.668249   ASA_A^2: 1990.64 ASA_m^2/cm^3: 2874.19 ASA_m^2/g: 4301.08 NASA_A^2: 0.188862 NASA_m^2/cm^3: 0.272689 NASA_m^2/g: 0.408065
Number_of_channels: 1 Channel_surface_area_A^2: 1990.64  
Number_of_pockets: 16 Pocket_surface_area_A^2: 0.0385847  0.00913849  0.0081231  0.0162462  0.0243693  0.0142154  0.0375694  0  0.00304616  0.0192924  0.00101539  0  0  0.00203078  0.0121847  0.00304616  
