@ ./zeo_outputs/15060N2_ddec.cif.vol Unitcell_volume: 6925.92   Density: 0.668249   AV_A^3: 3794.85 AV_Volume_fraction: 0.54792 AV_cm^3/g: 0.819934 NAV_A^3: 0 NAV_Volume_fraction: 0 NAV_cm^3/g: 0
Number_of_channels: 1 Channel_volume_A^3: 3794.85  
Number_of_pockets: 16 Pocket_volume_A^3: 0  0  0  0  0  0  0  0  0  0  0  0  0  0  0  0  
