@ ./zeo_outputs/15061N2_ddec.cif.vol Unitcell_volume: 9139.94   Density: 0.558747   AV_A^3: 2741.98 AV_Volume_fraction: 0.3 AV_cm^3/g: 0.536915 NAV_A^3: 0 NAV_Volume_fraction: 0 NAV_cm^3/g: 0
Number_of_channels: 1 Channel_volume_A^3: 2741.98  
Number_of_pockets: 20 Pocket_volume_A^3: 0  0  0  0  0  0  0  0  0  0  0  0  0  0  0  0  0  0  0  0  
