@ ./zeo_outputs/15061N2_ddec.cif.sa Unitcell_volume: 9139.94   Density: 0.558747   ASA_A^2: 2388.62 ASA_m^2/cm^3: 2613.39 ASA_m^2/g: 4677.24 NASA_A^2: 0.304616 NASA_m^2/cm^3: 0.333281 NASA_m^2/g: 0.596478
Number_of_channels: 1 Channel_surface_area_A^2: 2388.62  
Number_of_pockets: 20 Pocket_surface_area_A^2: 0.00304616  0.00507694  0.00304616  0  0  0.0172616  0  0.0101539  0.0172616  0.0243693  0.0385847  0.0700618  0  0.0406155  0.0172616  0.0213231  0.0111693  0.00304616  0.0101539  0.0121847  
