@ ./zeo_outputs/15071N2_ddec.cif.sa Unitcell_volume: 8014.66   Density: 0.453   ASA_A^2: 1397.94 ASA_m^2/cm^3: 1744.23 ASA_m^2/g: 3850.4 NASA_A^2: 0.187092 NASA_m^2/cm^3: 0.233438 NASA_m^2/g: 0.515314
Number_of_channels: 1 Channel_surface_area_A^2: 1397.94  
Number_of_pockets: 16 Pocket_surface_area_A^2: 0.0375694  0  0.000985203  0.0436617  0.0168692  0  0.0291444  0.00203078  0.00406155  0.0385847  0  0  0.00304616  0.0101539  0  0.000985203  
