@ ./zeo_outputs/15070N2_ddec.cif.sa Unitcell_volume: 8269.01   Density: 0.439066   ASA_A^2: 1496.51 ASA_m^2/cm^3: 1809.78 ASA_m^2/g: 4121.88 NASA_A^2: 0.488103 NASA_m^2/cm^3: 0.59028 NASA_m^2/g: 1.3444
Number_of_channels: 1 Channel_surface_area_A^2: 1496.51  
Number_of_pockets: 3 Pocket_surface_area_A^2: 0  0.485057  0.00304616  
