@ ./zeo_outputs/15072N2_ddec.cif.sa Unitcell_volume: 5078.41   Density: 0.612782   ASA_A^2: 1309.86 ASA_m^2/cm^3: 2579.28 ASA_m^2/g: 4209.14 NASA_A^2: 0.284196 NASA_m^2/cm^3: 0.559617 NASA_m^2/g: 0.91324
Number_of_channels: 1 Channel_surface_area_A^2: 1309.86  
Number_of_pockets: 2 Pocket_surface_area_A^2: 0.135047  0.14915  
