@ ./zeo_outputs/15080N2_ddec.cif.sa Unitcell_volume: 5713.42   Density: 0.643085   ASA_A^2: 1850.75 ASA_m^2/cm^3: 3239.3 ASA_m^2/g: 5037.13 NASA_A^2: 0.00203078 NASA_m^2/cm^3: 0.00355439 NASA_m^2/g: 0.0055271
Number_of_channels: 1 Channel_surface_area_A^2: 1850.75  
Number_of_pockets: 2 Pocket_surface_area_A^2: 0.00203078  0  
