@ ./zeo_outputs/15081N2_ddec.cif.sa Unitcell_volume: 10586.9   Density: 0.586624   ASA_A^2: 2759.49 ASA_m^2/cm^3: 2606.52 ASA_m^2/g: 4443.25 NASA_A^2: 0.0585605 NASA_m^2/cm^3: 0.0553142 NASA_m^2/g: 0.0942924
Number_of_channels: 1 Channel_surface_area_A^2: 2759.49  
Number_of_pockets: 5 Pocket_surface_area_A^2: 0  0.0190811  0.000985203  0.00101539  0.0374788  
