@ ./zeo_outputs/15091N2_ddec.cif.sa Unitcell_volume: 9993.97   Density: 0.660057   ASA_A^2: 2879.72 ASA_m^2/cm^3: 2881.46 ASA_m^2/g: 4365.47 NASA_A^2: 0.637655 NASA_m^2/cm^3: 0.638039 NASA_m^2/g: 0.966643
Number_of_channels: 1 Channel_surface_area_A^2: 2879.72  
Number_of_pockets: 5 Pocket_surface_area_A^2: 0.0194123  0.00284226  0.518186  0.094721  0.00249319  
