@ ./zeo_outputs/15101N2_ddec.cif.sa Unitcell_volume: 4885.2   Density: 0.714317   ASA_A^2: 1083.98 ASA_m^2/cm^3: 2218.9 ASA_m^2/g: 3106.33 NASA_A^2: 1.34188 NASA_m^2/cm^3: 2.74683 NASA_m^2/g: 3.8454
Number_of_channels: 1 Channel_surface_area_A^2: 1083.98  
Number_of_pockets: 15 Pocket_surface_area_A^2: 0.146216  0.00406155  0  0.0242413  0.0319029  0.163477  0  0.31477  0.00609233  0.0111693  0.16952  0.0998177  0.00913849  0.00406155  0.357417  
