@ ./zeo_outputs/15100N2_ddec.cif.sa Unitcell_volume: 11297.9   Density: 0.41487   ASA_A^2: 1777.54 ASA_m^2/cm^3: 1573.34 ASA_m^2/g: 3792.37 NASA_A^2: 1.90145 NASA_m^2/cm^3: 1.68301 NASA_m^2/g: 4.05673
Number_of_channels: 1 Channel_surface_area_A^2: 1777.54  
Number_of_pockets: 16 Pocket_surface_area_A^2: 0.00406155  0.0396001  0  0.0558052  0.422401  0  0.407025  0.0528002  0.0111693  0  0.0324924  0  0.436016  0.379154  0.0609233  0  
