@ ./zeo_outputs/15100N2_ddec.cif.vol Unitcell_volume: 11297.9   Density: 0.41487   AV_A^3: 8378.95 AV_Volume_fraction: 0.74164 AV_cm^3/g: 1.78765 NAV_A^3: 0 NAV_Volume_fraction: 0 NAV_cm^3/g: 0
Number_of_channels: 1 Channel_volume_A^3: 8378.95  
Number_of_pockets: 16 Pocket_volume_A^3: 0  0  0  0  0  0  0  0  0  0  0  0  0  0  0  0  
