@ ./zeo_outputs/15111N2_ddec.cif.sa Unitcell_volume: 11259.2   Density: 0.493916   ASA_A^2: 1958.52 ASA_m^2/cm^3: 1739.48 ASA_m^2/g: 3521.81 NASA_A^2: 1.03542 NASA_m^2/cm^3: 0.919622 NASA_m^2/g: 1.8619
Number_of_channels: 1 Channel_surface_area_A^2: 1958.52  
Number_of_pockets: 39 Pocket_surface_area_A^2: 0.216517  0.00203078  0.00710772  0.0274155  0.0264001  0.0274155  0.00304616  0  0.0335078  0.273793  0.204959  0.00203078  0  0.00913849  0.0294462  0.0233539  0.0101539  0  0  0  0.00203078  0.0172616  0.00203078  0.0253847  0.0152308  0.0152308  0.00203078  0.00609233  0.00609233  0.00304616  0  0.00101539  0  0.00203078  0.00406155  0.00507694  0.0121847  0.0111693  0.00913849  
