@ ./zeo_outputs/15110N2_ddec.cif.sa Unitcell_volume: 7283.3   Density: 0.489624   ASA_A^2: 1259.47 ASA_m^2/cm^3: 1729.26 ASA_m^2/g: 3531.81 NASA_A^2: 1.43299 NASA_m^2/cm^3: 1.9675 NASA_m^2/g: 4.0184
Number_of_channels: 1 Channel_surface_area_A^2: 1259.47  
Number_of_pockets: 16 Pocket_surface_area_A^2: 0.241807  0.00304616  0.294367  0.213322  0  0.185963  0.0152308  0.0324924  0.00609233  0.0104031  0.00101539  0.165308  0.0203078  0.00406155  0.018277  0.221301  
