@ ./zeo_outputs/15110N2_ddec.cif.vol Unitcell_volume: 7283.3   Density: 0.489624   AV_A^3: 5048.35 AV_Volume_fraction: 0.69314 AV_cm^3/g: 1.41566 NAV_A^3: 0.145666 NAV_Volume_fraction: 2e-05 NAV_cm^3/g: 4.08477e-05
Number_of_channels: 1 Channel_volume_A^3: 5048.35  
Number_of_pockets: 16 Pocket_volume_A^3: 0.145666  0  0  0  0  0  0  0  0  0  0  0  0  0  0  0  
