@ ./zeo_outputs/15131N2_ddec.cif.sa Unitcell_volume: 9656.59   Density: 0.418859   ASA_A^2: 1597.06 ASA_m^2/cm^3: 1653.85 ASA_m^2/g: 3948.47 NASA_A^2: 0.852792 NASA_m^2/cm^3: 0.883119 NASA_m^2/g: 2.10839
Number_of_channels: 1 Channel_surface_area_A^2: 1597.06  
Number_of_pockets: 5 Pocket_surface_area_A^2: 0.250085  0.0792003  0.198619  0.158497  0.166391  
