@ ./zeo_outputs/15140N2_ddec.cif.sa Unitcell_volume: 8844.03   Density: 0.376743   ASA_A^2: 1484.64 ASA_m^2/cm^3: 1678.7 ASA_m^2/g: 4455.82 NASA_A^2: 0.296463 NASA_m^2/cm^3: 0.335213 NASA_m^2/g: 0.889765
Number_of_channels: 1 Channel_surface_area_A^2: 1484.64  
Number_of_pockets: 4 Pocket_surface_area_A^2: 0.00200059  0.281262  0.0081231  0.00507694  
