@ ./zeo_outputs/15150N2_ddec.cif.sa Unitcell_volume: 12599.2   Density: 0.544649   ASA_A^2: 3628.16 ASA_m^2/cm^3: 2879.67 ASA_m^2/g: 5287.22 NASA_A^2: 0.00197041 NASA_m^2/cm^3: 0.00156391 NASA_m^2/g: 0.00287142
Number_of_channels: 1 Channel_surface_area_A^2: 3628.16  
Number_of_pockets: 1 Pocket_surface_area_A^2: 0.00197041  
