@ ./zeo_outputs/15160N2_ddec.cif.sa Unitcell_volume: 3077.66   Density: 0.820147   ASA_A^2: 1354.66 ASA_m^2/cm^3: 4401.58 ASA_m^2/g: 5366.82 NASA_A^2: 0.338623 NASA_m^2/cm^3: 1.10026 NASA_m^2/g: 1.34154
Number_of_channels: 1 Channel_surface_area_A^2: 1354.66  
Number_of_pockets: 5 Pocket_surface_area_A^2: 0.0219763  0.105369  0.00640382  0.111178  0.0936958  
