@ ./zeo_outputs/15162N2_ddec.cif.sa Unitcell_volume: 1973.97   Density: 0.853919   ASA_A^2: 557.675 ASA_m^2/cm^3: 2825.14 ASA_m^2/g: 3308.45 NASA_A^2: 1.36043 NASA_m^2/cm^3: 6.89186 NASA_m^2/g: 8.07085
Number_of_channels: 1 Channel_surface_area_A^2: 557.675  
Number_of_pockets: 12 Pocket_surface_area_A^2: 0.0223385  0.171602  0.193029  0.254416  0.119816  0.220094  0.20809  0.0242058  0.101539  0.00304616  0.0246808  0.0175731  
