@ ./zeo_outputs/15163N2_ddec.cif.sa Unitcell_volume: 4298.45   Density: 0.531445   ASA_A^2: 1026.64 ASA_m^2/cm^3: 2388.4 ASA_m^2/g: 4494.16 NASA_A^2: 0.160431 NASA_m^2/cm^3: 0.37323 NASA_m^2/g: 0.702294
Number_of_channels: 1 Channel_surface_area_A^2: 1026.64  
Number_of_pockets: 3 Pocket_surface_area_A^2: 0  0  0.160431  
