@ ./zeo_outputs/15162N2_ddec.cif.vol Unitcell_volume: 1973.97   Density: 0.853919   AV_A^3: 904.828 AV_Volume_fraction: 0.45838 AV_cm^3/g: 0.536796 NAV_A^3: 0 NAV_Volume_fraction: 0 NAV_cm^3/g: 0
Number_of_channels: 1 Channel_volume_A^3: 904.828  
Number_of_pockets: 12 Pocket_volume_A^3: 0  0  0  0  0  0  0  0  0  0  0  0  
