@ ./zeo_outputs/15161N2_ddec.cif.sa Unitcell_volume: 6081.69   Density: 0.513495   ASA_A^2: 1871.25 ASA_m^2/cm^3: 3076.86 ASA_m^2/g: 5992 NASA_A^2: 0.0392379 NASA_m^2/cm^3: 0.0645181 NASA_m^2/g: 0.125645
Number_of_channels: 1 Channel_surface_area_A^2: 1871.25  
Number_of_pockets: 4 Pocket_surface_area_A^2: 0.0317583  0  0.00747958  0  
