@ ./zeo_outputs/15170N2_ddec.cif.sa Unitcell_volume: 5566.27   Density: 0.813581   ASA_A^2: 1605.95 ASA_m^2/cm^3: 2885.15 ASA_m^2/g: 3546.24 NASA_A^2: 4.25395 NASA_m^2/cm^3: 7.64238 NASA_m^2/g: 9.39351
Number_of_channels: 1 Channel_surface_area_A^2: 1605.95  
Number_of_pockets: 51 Pocket_surface_area_A^2: 0.0903695  0.132  0.062954  0.062954  0.120831  0.099508  0.124893  0.202062  0.107631  0  0.0578771  0.0335078  0.139108  0.212216  0.0355386  0.0568617  0.0385847  0.0243693  0.0396001  0.0690464  0.211201  0.115754  0.1188  0.0396001  0.0924003  0.0558463  0.0974772  0.00406155  0.110677  0.10357  0  0.180739  0.0192924  0.218308  0.0192924  0.0304616  0.0426463  0.062954  0.0751387  0.0720925  0.126923  0.0609233  0.0487386  0.0802156  0.173631  0.207139  0  0.0893541  0.000492602  0.0192924  0.0670156  
