@ ./zeo_outputs/15185N2_ddec.cif.vol Unitcell_volume: 8552.48   Density: 0.569687   AV_A^3: 5986.73 AV_Volume_fraction: 0.7 AV_cm^3/g: 1.22874 NAV_A^3: 0 NAV_Volume_fraction: 0 NAV_cm^3/g: 0
Number_of_channels: 1 Channel_volume_A^3: 5986.73  
Number_of_pockets: 27 Pocket_volume_A^3: 0  0  0  0  0  0  0  0  0  0  0  0  0  0  0  0  0  0  0  0  0  0  0  0  0  0  0  
