@ ./zeo_outputs/15185N2_ddec.cif.sa Unitcell_volume: 8552.48   Density: 0.569687   ASA_A^2: 1433.31 ASA_m^2/cm^3: 1675.9 ASA_m^2/g: 2941.8 NASA_A^2: 18.0727 NASA_m^2/cm^3: 21.1315 NASA_m^2/g: 37.0932
Number_of_channels: 1 Channel_surface_area_A^2: 1433.31  
Number_of_pockets: 27 Pocket_surface_area_A^2: 0.273139  0.208143  0.51074  3.26192  3.17783  0  0  0.0680127  0  0.7772  0.556433  0  0.351324  0  0.0233539  0.108608  0.389909  0.0973853  6.62009  0.192826  0.283117  0.0898509  0.39397  0.121253  0.00710772  0.189878  0.370617  
