@ ./zeo_outputs/15185N2_ddec.cif.vol Unitcell_volume: 8552.48   Density: 0.569687   AV_A^3: 5821.67 AV_Volume_fraction: 0.6807 AV_cm^3/g: 1.19487 NAV_A^3: 1.19735 NAV_Volume_fraction: 0.00014 NAV_cm^3/g: 0.000245749
Number_of_channels: 1 Channel_volume_A^3: 5821.67  
Number_of_pockets: 27 Pocket_volume_A^3: 0  0  0  1.0263  0  0  0  0  0  0  0  0  0  0  0  0  0  0  0.17105  0  0  0  0  0  0  0  0  
