@ ./zeo_outputs/15183N2_ddec.cif.sa Unitcell_volume: 8993.01   Density: 0.578754   ASA_A^2: 1592.09 ASA_m^2/cm^3: 1770.37 ASA_m^2/g: 3058.93 NASA_A^2: 17.2851 NASA_m^2/cm^3: 19.2206 NASA_m^2/g: 33.2104
Number_of_channels: 1 Channel_surface_area_A^2: 1592.09  
Number_of_pockets: 15 Pocket_surface_area_A^2: 1.90094  0.104404  7.06383  0.0548309  1.51003  0.218752  0  1.85312  0.00260848  1.34336  1.08964  0.200031  0.0426463  1.81362  0.0873234  
