@ ./zeo_outputs/15186N2_ddec.cif.sa Unitcell_volume: 15735.5   Density: 0.379974   ASA_A^2: 1953.47 ASA_m^2/cm^3: 1241.44 ASA_m^2/g: 3267.17 NASA_A^2: 2.17668 NASA_m^2/cm^3: 1.38329 NASA_m^2/g: 3.64049
Number_of_channels: 1 Channel_surface_area_A^2: 1953.47  
Number_of_pockets: 39 Pocket_surface_area_A^2: 0.16957  0.135047  0.156943  0.0639694  0.0264001  0.29934  0.00507694  0  0.036554  0  0.1188  0  0.109393  0  0.00203078  0  0.228849  0.018277  0.0121847  0.127939  0.0619387  0.088588  0.0588925  0.0253847  0.0264001  0  0.205108  0.0436235  0.0335078  0  0.00609233  0  0.00609233  0.0253847  0.00304616  0.0487386  0.0132  0.00913849  0.0111693  
