@ ./zeo_outputs/15181N2_ddec.cif.sa Unitcell_volume: 11311.7   Density: 0.534441   ASA_A^2: 1790.21 ASA_m^2/cm^3: 1582.62 ASA_m^2/g: 2961.27 NASA_A^2: 4.42959 NASA_m^2/cm^3: 3.91595 NASA_m^2/g: 7.32718
Number_of_channels: 1 Channel_surface_area_A^2: 1790.21  
Number_of_pockets: 34 Pocket_surface_area_A^2: 0.00406155  0.00304616  0.0142154  0.0152308  0  0  0.00304616  0.284309  1.1809  0  0.0446771  0  0.00406155  0.00406155  0.00913849  0.00101539  0.00203078  0.00304616  0.00913849  0  0  0.00101539  0.00304616  0.532063  0  0.504648  1.71804  0  0  0.0695182  0.00304616  0.00406155  0.0121847  0  
