@ ./zeo_outputs/15182N2_ddec.cif.sa Unitcell_volume: 9593.52   Density: 0.509548   ASA_A^2: 1963.41 ASA_m^2/cm^3: 2046.6 ASA_m^2/g: 4016.5 NASA_A^2: 0.663239 NASA_m^2/cm^3: 0.691341 NASA_m^2/g: 1.35677
Number_of_channels: 1 Channel_surface_area_A^2: 1963.41  
Number_of_pockets: 3 Pocket_surface_area_A^2: 0.663239  0  0  
