@ ./zeo_outputs/15180N2_ddec.cif.sa Unitcell_volume: 8538.6   Density: 0.611442   ASA_A^2: 1444.63 ASA_m^2/cm^3: 1691.89 ASA_m^2/g: 2767.04 NASA_A^2: 6.49469 NASA_m^2/cm^3: 7.60627 NASA_m^2/g: 12.4399
Number_of_channels: 1 Channel_surface_area_A^2: 1444.63  
Number_of_pockets: 19 Pocket_surface_area_A^2: 1.14738  0.897603  0.606187  0.557171  0.707298  0.00304616  0.0119571  0.814623  0.00293963  0.708174  0.0035404  0.208849  0.630438  0.00101539  0  0.0192924  0.172125  0  0.00304616  
