@ ./zeo_outputs/15184N2_ddec.cif.sa Unitcell_volume: 11277.7   Density: 0.534625   ASA_A^2: 1759.62 ASA_m^2/cm^3: 1560.27 ASA_m^2/g: 2918.44 NASA_A^2: 20.0282 NASA_m^2/cm^3: 17.7592 NASA_m^2/g: 33.218
Number_of_channels: 1 Channel_surface_area_A^2: 1759.62  
Number_of_pockets: 33 Pocket_surface_area_A^2: 0.0132  0.00203078  0  0.00203078  0  0  0  0.299539  1.12708  0  0.0588925  0  0.00609233  0.00287245  0.0152308  0.00710772  0.00609233  0  0  0.00101539  15.6672  0  0.00406155  0.541202  0  0.495509  1.66117  0  0.0772113  0.0111693  0.0162462  0.0132  0  
