@ ./zeo_outputs/15183N2_ddec.cif.vol Unitcell_volume: 8993.01   Density: 0.578754   AV_A^3: 6062.55 AV_Volume_fraction: 0.67414 AV_cm^3/g: 1.16481 NAV_A^3: 0.35972 NAV_Volume_fraction: 4e-05 NAV_cm^3/g: 6.9114e-05
Number_of_channels: 1 Channel_volume_A^3: 6062.55  
Number_of_pockets: 15 Pocket_volume_A^3: 0  0  0.17986  0  0  0  0  0  0  0.17986  0  0  0  0  0  
