@ ./zeo_outputs/15180N2_ddec.cif.vol Unitcell_volume: 8538.6   Density: 0.611442   AV_A^3: 5659.38 AV_Volume_fraction: 0.6628 AV_cm^3/g: 1.08399 NAV_A^3: 0 NAV_Volume_fraction: 0 NAV_cm^3/g: 0
Number_of_channels: 1 Channel_volume_A^3: 5659.38  
Number_of_pockets: 19 Pocket_volume_A^3: 0  0  0  0  0  0  0  0  0  0  0  0  0  0  0  0  0  0  0  
