@ ./zeo_outputs/15190N2_ddec.cif.sa Unitcell_volume: 1214.21   Density: 1.10031   ASA_A^2: 388.525 ASA_m^2/cm^3: 3199.81 ASA_m^2/g: 2908.1 NASA_A^2: 0.096109 NASA_m^2/cm^3: 0.791532 NASA_m^2/g: 0.719373
Number_of_channels: 1 Channel_surface_area_A^2: 388.525  
Number_of_pockets: 5 Pocket_surface_area_A^2: 0  0.0864763  0.00963273  0  0  
