@ ./zeo_outputs/15210N2_ddec.cif.sa Unitcell_volume: 5289.11   Density: 0.583729   ASA_A^2: 1027.58 ASA_m^2/cm^3: 1942.82 ASA_m^2/g: 3328.29 NASA_A^2: 0.6765 NASA_m^2/cm^3: 1.27904 NASA_m^2/g: 2.19116
Number_of_channels: 1 Channel_surface_area_A^2: 1027.58  
Number_of_pockets: 24 Pocket_surface_area_A^2: 0.0243693  0.0253847  0.0213231  0.0172616  0.018277  0  0.0132  0.0264001  0.0446771  0.0162462  0.0243693  0.0599079  0.00507694  0  0  0.00609233  0.0253847  0.00101539  0.0152308  0.0700618  0.245976  0.0152308  0  0.00101539  
