@ ./zeo_outputs/15210N2_ddec.cif.vol Unitcell_volume: 5289.11   Density: 0.583729   AV_A^3: 3401.21 AV_Volume_fraction: 0.64306 AV_cm^3/g: 1.10164 NAV_A^3: 0 NAV_Volume_fraction: 0 NAV_cm^3/g: 0
Number_of_channels: 1 Channel_volume_A^3: 3401.21  
Number_of_pockets: 24 Pocket_volume_A^3: 0  0  0  0  0  0  0  0  0  0  0  0  0  0  0  0  0  0  0  0  0  0  0  0  
