@ ./zeo_outputs/15220N2_ddec.cif.sa Unitcell_volume: 2079.21   Density: 0.733937   ASA_A^2: 604.254 ASA_m^2/cm^3: 2906.17 ASA_m^2/g: 3959.7 NASA_A^2: 0.0101539 NASA_m^2/cm^3: 0.0488353 NASA_m^2/g: 0.0665388
Number_of_channels: 1 Channel_surface_area_A^2: 604.254  
Number_of_pockets: 4 Pocket_surface_area_A^2: 0.00101539  0  0.0081231  0.00101539  
