@ ./zeo_outputs/15242N2_ddec.cif.sa Unitcell_volume: 3936.16   Density: 0.788188   ASA_A^2: 1066.03 ASA_m^2/cm^3: 2708.31 ASA_m^2/g: 3436.13 NASA_A^2: 15.0578 NASA_m^2/cm^3: 38.255 NASA_m^2/g: 48.5354
Number_of_channels: 1 Channel_surface_area_A^2: 1066.03  
Number_of_pockets: 16 Pocket_surface_area_A^2: 2.14435  6.37447  0  0.0426463  0.0203078  0.0167786  1.01898  0.0205891  0.0213231  0.0627721  0.191574  0.140124  1.69771  1.47693  0.000985203  1.82823  
