@ ./zeo_outputs/15240N2_ddec.cif.sa Unitcell_volume: 8429.51   Density: 0.489931   ASA_A^2: 1704.18 ASA_m^2/cm^3: 2021.69 ASA_m^2/g: 4126.47 NASA_A^2: 4.87192 NASA_m^2/cm^3: 5.77961 NASA_m^2/g: 11.7968
Number_of_channels: 1 Channel_surface_area_A^2: 1704.18  
Number_of_pockets: 11 Pocket_surface_area_A^2: 0  0.00350858  1.57235  2.01671  0  0.00295561  0.151743  0.00295561  0  1.06541  0.056292  
