@ ./zeo_outputs/15242N2_ddec.cif.vol Unitcell_volume: 3936.16   Density: 0.788188   AV_A^3: 1884.32 AV_Volume_fraction: 0.47872 AV_cm^3/g: 0.607368 NAV_A^3: 0.787231 NAV_Volume_fraction: 0.0002 NAV_cm^3/g: 0.000253747
Number_of_channels: 1 Channel_volume_A^3: 1884.32  
Number_of_pockets: 16 Pocket_volume_A^3: 0.157446  0.393616  0  0  0  0  0  0  0  0  0  0  0.157446  0.0787231  0  0  
