@ ./zeo_outputs/15240N2_ddec.cif.vol Unitcell_volume: 8429.51   Density: 0.489931   AV_A^3: 5626.19 AV_Volume_fraction: 0.66744 AV_cm^3/g: 1.36231 NAV_A^3: 0.16859 NAV_Volume_fraction: 2e-05 NAV_cm^3/g: 4.0822e-05
Number_of_channels: 1 Channel_volume_A^3: 5626.19  
Number_of_pockets: 11 Pocket_volume_A^3: 0  0  0  0  0  0  0  0  0  0.16859  0  
