@ ./zeo_outputs/15250N2_ddec.cif.sa Unitcell_volume: 6044.28   Density: 0.422491   ASA_A^2: 1296.28 ASA_m^2/cm^3: 2144.64 ASA_m^2/g: 5076.19 NASA_A^2: 0.0304616 NASA_m^2/cm^3: 0.0503974 NASA_m^2/g: 0.119286
Number_of_channels: 1 Channel_surface_area_A^2: 1296.28  
Number_of_pockets: 1 Pocket_surface_area_A^2: 0.0304616  
