@ ./zeo_outputs/15253N2_ddec.cif.sa Unitcell_volume: 5155.82   Density: 0.499114   ASA_A^2: 1094.39 ASA_m^2/cm^3: 2122.63 ASA_m^2/g: 4252.8 NASA_A^2: 0.359447 NASA_m^2/cm^3: 0.697168 NASA_m^2/g: 1.39681
Number_of_channels: 1 Channel_surface_area_A^2: 1094.39  
Number_of_pockets: 13 Pocket_surface_area_A^2: 0  0  0.0700618  0.0802156  0.00203078  0  0.0832618  0.114739  0  0  0  0  0.00913849  
