@ ./zeo_outputs/15251N2_ddec.cif.sa Unitcell_volume: 6038.67   Density: 0.42397   ASA_A^2: 1272.6 ASA_m^2/cm^3: 2107.41 ASA_m^2/g: 4970.66 NASA_A^2: 0.0700618 NASA_m^2/cm^3: 0.116022 NASA_m^2/g: 0.273655
Number_of_channels: 1 Channel_surface_area_A^2: 1272.6  
Number_of_pockets: 1 Pocket_surface_area_A^2: 0.0700618  
