@ ./zeo_outputs/15252N2_ddec.cif.sa Unitcell_volume: 5605.39   Density: 0.457913   ASA_A^2: 1139.51 ASA_m^2/cm^3: 2032.88 ASA_m^2/g: 4439.45 NASA_A^2: 0.0913849 NASA_m^2/cm^3: 0.163031 NASA_m^2/g: 0.356029
Number_of_channels: 1 Channel_surface_area_A^2: 1139.51  
Number_of_pockets: 6 Pocket_surface_area_A^2: 0  0.0913849  0  0  0  0  
