@ ./zeo_outputs/16002N2_ddec.cif.sa Unitcell_volume: 12081.4   Density: 0.417357   ASA_A^2: 1788.1 ASA_m^2/cm^3: 1480.04 ASA_m^2/g: 3546.21 NASA_A^2: 3.98231 NASA_m^2/cm^3: 3.29623 NASA_m^2/g: 7.89785
Number_of_channels: 1 Channel_surface_area_A^2: 1788.1  
Number_of_pockets: 34 Pocket_surface_area_A^2: 0.136062  0.152308  0.1056  0.0111693  0.0324924  0.0416309  0.0101539  0.0192924  0.0213231  0.0741233  0.0192924  0.0284309  0.00609233  0.0233539  0.0335078  0.0233539  0.169206  0.151293  0.178708  0.177693  0.138093  0.0761541  0.0436617  0.0700618  0.0974772  0.0619387  0.682341  0.00304616  0.164819  0.18277  0.48434  0.183785  0.187847  0.190893  
