@ ./zeo_outputs/16001N2_ddec.cif.sa Unitcell_volume: 13415.9   Density: 0.393682   ASA_A^2: 1948.32 ASA_m^2/cm^3: 1452.25 ASA_m^2/g: 3688.87 NASA_A^2: 3.21227 NASA_m^2/cm^3: 2.39437 NASA_m^2/g: 6.08198
Number_of_channels: 1 Channel_surface_area_A^2: 1948.32  
Number_of_pockets: 27 Pocket_surface_area_A^2: 0.449817  0.0984926  0.158401  0.163477  0.157041  0.597048  0.0771695  0.0161698  0.0264001  0.0385847  0.036554  0.0101539  0.0832618  0.0944311  0.0385847  0.0335078  0.0324924  0.0284309  0.031477  0.0416309  0.0406155  0.0720925  0.0517848  0.133016  0.128954  0.420371  0.152308  
