@ ./zeo_outputs/16001N2_ddec.cif.vol Unitcell_volume: 13415.9   Density: 0.393682   AV_A^3: 10053.6 AV_Volume_fraction: 0.74938 AV_cm^3/g: 1.90351 NAV_A^3: 0 NAV_Volume_fraction: 0 NAV_cm^3/g: 0
Number_of_channels: 1 Channel_volume_A^3: 10053.6  
Number_of_pockets: 27 Pocket_volume_A^3: 0  0  0  0  0  0  0  0  0  0  0  0  0  0  0  0  0  0  0  0  0  0  0  0  0  0  0  
