@ ./zeo_outputs/16000N2_ddec.cif.vol Unitcell_volume: 10803.6   Density: 0.44457   AV_A^3: 8642.85 AV_Volume_fraction: 0.8 AV_cm^3/g: 1.79949 NAV_A^3: 0 NAV_Volume_fraction: 0 NAV_cm^3/g: 0
Number_of_channels: 1 Channel_volume_A^3: 8642.85  
Number_of_pockets: 31 Pocket_volume_A^3: 0  0  0  0  0  0  0  0  0  0  0  0  0  0  0  0  0  0  0  0  0  0  0  0  0  0  0  0  0  0  0  
