@ ./zeo_outputs/16000N2_ddec.cif.sa Unitcell_volume: 10803.6   Density: 0.44457   ASA_A^2: 1639.39 ASA_m^2/cm^3: 1517.46 ASA_m^2/g: 3413.32 NASA_A^2: 2.09278 NASA_m^2/cm^3: 1.93712 NASA_m^2/g: 4.35728
Number_of_channels: 1 Channel_surface_area_A^2: 1639.39  
Number_of_pockets: 31 Pocket_surface_area_A^2: 0.0893541  0.0873234  0.0487386  0.143668  0.28837  0.289386  0.0578771  0  0  0  0.228348  0.0274155  0.049754  0.00913849  0.0304616  0.018277  0.146543  0.0111693  0  0.00609233  0.0121847  0.0335078  0.0304616  0.0639694  0.0081231  0.00203078  0  0.00304616  0.0284309  0.00304616  0.376059  
