@ ./zeo_outputs/16011N2_ddec.cif.sa Unitcell_volume: 7638.97   Density: 0.46689   ASA_A^2: 1249.74 ASA_m^2/cm^3: 1636 ASA_m^2/g: 3504.05 NASA_A^2: 0.152308 NASA_m^2/cm^3: 0.199383 NASA_m^2/g: 0.427045
Number_of_channels: 1 Channel_surface_area_A^2: 1249.74  
Number_of_pockets: 8 Pocket_surface_area_A^2: 0.00406155  0  0.00406155  0.0243693  0  0.00913849  0.10357  0.00710772  
