@ ./zeo_outputs/16010N2_ddec.cif.sa Unitcell_volume: 2542.93   Density: 0.806233   ASA_A^2: 603.215 ASA_m^2/cm^3: 2372.13 ASA_m^2/g: 2942.24 NASA_A^2: 0.0152308 NASA_m^2/cm^3: 0.0598948 NASA_m^2/g: 0.0742896
Number_of_channels: 1 Channel_surface_area_A^2: 603.215  
Number_of_pockets: 2 Pocket_surface_area_A^2: 0.0111693  0.00406155  
