@ ./zeo_outputs/16020N2_ddec.cif.sa Unitcell_volume: 4951.3   Density: 0.721008   ASA_A^2: 1207.24 ASA_m^2/cm^3: 2438.23 ASA_m^2/g: 3381.7 NASA_A^2: 0.0141548 NASA_m^2/cm^3: 0.0285881 NASA_m^2/g: 0.0396501
Number_of_channels: 1 Channel_surface_area_A^2: 1207.24  
Number_of_pockets: 6 Pocket_surface_area_A^2: 0.00304616  0  0.00521695  0  0.00252501  0.00336668  
