@ ./zeo_outputs/16032N2_ddec.cif.sa Unitcell_volume: 8911.24   Density: 0.529438   ASA_A^2: 1925.54 ASA_m^2/cm^3: 2160.8 ASA_m^2/g: 4081.3 NASA_A^2: 4.30145 NASA_m^2/cm^3: 4.82699 NASA_m^2/g: 9.11719
Number_of_channels: 1 Channel_surface_area_A^2: 1925.54  
Number_of_pockets: 14 Pocket_surface_area_A^2: 0  0  0.00710772  0.23649  1.13111  2.25283  0.355386  0.128646  0.0345232  0.00609233  0.0954465  0.00507694  0.0487386  0  
