@ ./zeo_outputs/16031N2_ddec.cif.sa Unitcell_volume: 9587.58   Density: 0.458838   ASA_A^2: 2168.06 ASA_m^2/cm^3: 2261.32 ASA_m^2/g: 4928.37 NASA_A^2: 0.00290027 NASA_m^2/cm^3: 0.00302503 NASA_m^2/g: 0.0065928
Number_of_channels: 1 Channel_surface_area_A^2: 2168.06  
Number_of_pockets: 4 Pocket_surface_area_A^2: 0  0  0.00290027  0  
