@ ./zeo_outputs/16032N2_ddec.cif.vol Unitcell_volume: 8911.24   Density: 0.529438   AV_A^3: 5799.61 AV_Volume_fraction: 0.65082 AV_cm^3/g: 1.22927 NAV_A^3: 0.178225 NAV_Volume_fraction: 2e-05 NAV_cm^3/g: 3.77759e-05
Number_of_channels: 1 Channel_volume_A^3: 5799.61  
Number_of_pockets: 14 Pocket_volume_A^3: 0  0  0  0  0  0.178225  0  0  0  0  0  0  0  0  
