@ ./zeo_outputs/16030N2_ddec.cif.sa Unitcell_volume: 8399.87   Density: 0.441747   ASA_A^2: 1582.42 ASA_m^2/cm^3: 1883.86 ASA_m^2/g: 4264.58 NASA_A^2: 0.812268 NASA_m^2/cm^3: 0.967 NASA_m^2/g: 2.18904
Number_of_channels: 1 Channel_surface_area_A^2: 1582.42  
Number_of_pockets: 3 Pocket_surface_area_A^2: 0.00203078  0.202062  0.608175  
