@ ./zeo_outputs/16041N2_ddec.cif.sa Unitcell_volume: 4327.78   Density: 0.706854   ASA_A^2: 1407.7 ASA_m^2/cm^3: 3252.7 ASA_m^2/g: 4601.66 NASA_A^2: 0.562873 NASA_m^2/cm^3: 1.3006 NASA_m^2/g: 1.83999
Number_of_channels: 1 Channel_surface_area_A^2: 1407.7  
Number_of_pockets: 4 Pocket_surface_area_A^2: 0.321866  0.00200059  0.13966  0.0993462  
