@ ./zeo_outputs/16057N2_ddec.cif.vol Unitcell_volume: 11738.8   Density: 0.612741   AV_A^3: 10564.9 AV_Volume_fraction: 0.9 AV_cm^3/g: 1.46881 NAV_A^3: 0 NAV_Volume_fraction: 0 NAV_cm^3/g: 0
Number_of_channels: 1 Channel_volume_A^3: 10564.9  
Number_of_pockets: 24 Pocket_volume_A^3: 0  0  0  0  0  0  0  0  0  0  0  0  0  0  0  0  0  0  0  0  0  0  0  0  
