@ ./zeo_outputs/16058N2_ddec.cif.sa Unitcell_volume: 5857.37   Density: 0.621325   ASA_A^2: 1088.9 ASA_m^2/cm^3: 1859.03 ASA_m^2/g: 2992.04 NASA_A^2: 3.92643 NASA_m^2/cm^3: 6.70339 NASA_m^2/g: 10.7889
Number_of_channels: 1 Channel_surface_area_A^2: 1088.9  
Number_of_pockets: 15 Pocket_surface_area_A^2: 0.101865  0.00304616  0.167712  0.928065  0.110677  0.0700618  0.129672  0.177693  0.158401  0.00101539  0.276053  1.10982  0.0810851  0.524956  0.086308  
