@ ./zeo_outputs/16050N2_ddec.cif.vol Unitcell_volume: 4157.13   Density: 0.810656   AV_A^3: 2321.26 AV_Volume_fraction: 0.55838 AV_cm^3/g: 0.6888 NAV_A^3: 0.581998 NAV_Volume_fraction: 0.00014 NAV_cm^3/g: 0.0001727
Number_of_channels: 1 Channel_volume_A^3: 2321.26  
Number_of_pockets: 22 Pocket_volume_A^3: 0.0831426  0.0831426  0  0  0  0  0  0  0  0  0.33257  0.0831426  0  0  0  0  0  0  0  0  0  0  
