@ ./zeo_outputs/16055N2_ddec.cif.sa Unitcell_volume: 12333.2   Density: 0.567522   ASA_A^2: 2220.01 ASA_m^2/cm^3: 1800.03 ASA_m^2/g: 3171.73 NASA_A^2: 6.09616 NASA_m^2/cm^3: 4.94287 NASA_m^2/g: 8.70956
Number_of_channels: 2 Channel_surface_area_A^2: 1109.44  1110.57  
Number_of_pockets: 54 Pocket_surface_area_A^2: 1.11693  0.00304616  0  0.0132  0.062954  0.0690464  0.0538156  0.0304616  0.062954  0.117785  0.0842772  1.05702  0.126923  0.0517848  0.00101539  0  0  0.0335078  0.00101539  0.0670156  0.115632  0.0345232  0.0192924  0.183489  0.00406155  0  0.0101539  0.00304616  0.036554  0.0568617  0.0761541  0.0274155  0.0792003  1.0225  0.00406155  0.0375694  0.00101539  0.00609233  0  0.00507694  0.0132  0.162726  0  0.0477232  0.0294462  0.0121847  0.00507694  1.04686  0.0152308  0.00710772  0.0152308  0  0.0537391  0.0121847  
