@ ./zeo_outputs/16051N2_ddec.cif.sa Unitcell_volume: 10676.6   Density: 0.614475   ASA_A^2: 1968.04 ASA_m^2/cm^3: 1843.33 ASA_m^2/g: 2999.84 NASA_A^2: 5.25253 NASA_m^2/cm^3: 4.91968 NASA_m^2/g: 8.00632
Number_of_channels: 2 Channel_surface_area_A^2: 982.422  985.619  
Number_of_pockets: 52 Pocket_surface_area_A^2: 0.642614  0.00101539  0.00101539  0.00609233  0  0  0  0.00203078  0.00101539  0.00203078  0.00203078  0.0132  0.0081231  0.00913849  0.00101539  0  0.0731079  0.819786  0.0507694  0.0132  0.0802156  0.108098  0.0771695  0.018277  0.0111693  0.099508  0.0751387  0.0264001  0.0796945  0.0538156  0.00101539  0  0.79201  0  0.163595  0.108698  0.10998  0.00101539  0.850549  0.0710772  0.181364  0.126375  0.0487386  0.0132  0.0203078  0.0284309  0.157331  0.186403  0.0172616  0.0548309  0.0446771  0  
