@ ./zeo_outputs/16052N2_ddec.cif.sa Unitcell_volume: 13642.5   Density: 0.587633   ASA_A^2: 2320.22 ASA_m^2/cm^3: 1700.73 ASA_m^2/g: 2894.2 NASA_A^2: 0.0233539 NASA_m^2/cm^3: 0.0171185 NASA_m^2/g: 0.0291313
Number_of_channels: 2 Channel_surface_area_A^2: 1154.72  1165.5  
Number_of_pockets: 9 Pocket_surface_area_A^2: 0.00101539  0.0101539  0.00304616  0.00507694  0.00101539  0  0  0.00304616  0  
