@ ./zeo_outputs/16054N2_ddec.cif.sa Unitcell_volume: 10363.1   Density: 0.651668   ASA_A^2: 1936.9 ASA_m^2/cm^3: 1869.03 ASA_m^2/g: 2868.07 NASA_A^2: 2.86561 NASA_m^2/cm^3: 2.7652 NASA_m^2/g: 4.24326
Number_of_channels: 2 Channel_surface_area_A^2: 953.933  982.968  
Number_of_pockets: 38 Pocket_surface_area_A^2: 0.0528002  0.279542  0  0  0.00609233  0.00609233  0.00101539  0.00347797  0.11677  0.00304616  0.0101539  0.0456925  0.0600278  0.0559931  0.113496  0.0521053  0.0274155  0.0710772  0.00406155  0.776898  0.173389  0.023968  0.0629002  0.0193462  0.00203078  0.491132  0.0578771  0.0613245  0.0656259  0.00507694  0  0  0.0576165  0.00406155  0.0570085  0  0.0426463  0.0558463  
