@ ./zeo_outputs/16056N2_ddec.cif.sa Unitcell_volume: 6375.26   Density: 0.569843   ASA_A^2: 1127.91 ASA_m^2/cm^3: 1769.2 ASA_m^2/g: 3104.71 NASA_A^2: 1.5637 NASA_m^2/cm^3: 2.45276 NASA_m^2/g: 4.30427
Number_of_channels: 1 Channel_surface_area_A^2: 1127.91  
Number_of_pockets: 5 Pocket_surface_area_A^2: 0  0.00913849  0.00406155  0.75951  0.790987  
