@ ./zeo_outputs/16058N2_ddec.cif.vol Unitcell_volume: 5857.37   Density: 0.621325   AV_A^3: 3759.5 AV_Volume_fraction: 0.64184 AV_cm^3/g: 1.03302 NAV_A^3: 0 NAV_Volume_fraction: 0 NAV_cm^3/g: 0
Number_of_channels: 1 Channel_volume_A^3: 3759.5  
Number_of_pockets: 15 Pocket_volume_A^3: 0  0  0  0  0  0  0  0  0  0  0  0  0  0  0  
