@ ./zeo_outputs/16057N2_ddec.cif.sa Unitcell_volume: 11738.8   Density: 0.612741   ASA_A^2: 2029.72 ASA_m^2/cm^3: 1729.08 ASA_m^2/g: 2821.88 NASA_A^2: 0.188738 NASA_m^2/cm^3: 0.160782 NASA_m^2/g: 0.262398
Number_of_channels: 1 Channel_surface_area_A^2: 2029.72  
Number_of_pockets: 24 Pocket_surface_area_A^2: 0.00101539  0.00304616  0.0105798  0.00655806  0  0  0  0.00406155  0.0599079  0  0.0345232  0.00203078  0  0  0  0.00203078  0.0294462  0.0264001  0.00101539  0.00203078  0  0.00507694  0.00101539  0  
