@ ./zeo_outputs/16050N2_ddec.cif.vol Unitcell_volume: 4157.13   Density: 0.810656   AV_A^3: 3325.7 AV_Volume_fraction: 0.8 AV_cm^3/g: 0.986855 NAV_A^3: 0 NAV_Volume_fraction: 0 NAV_cm^3/g: 0
Number_of_channels: 1 Channel_volume_A^3: 3325.7  
Number_of_pockets: 22 Pocket_volume_A^3: 0  0  0  0  0  0  0  0  0  0  0  0  0  0  0  0  0  0  0  0  0  0  
