@ ./zeo_outputs/16053N2_ddec.cif.vol Unitcell_volume: 13643.4   Density: 0.573461   AV_A^3: 4093.02 AV_Volume_fraction: 0.3 AV_cm^3/g: 0.52314 NAV_A^3: 0 NAV_Volume_fraction: 0 NAV_cm^3/g: 0
Number_of_channels: 2 Channel_volume_A^3: 2728.68  1364.34  
Number_of_pockets: 22 Pocket_volume_A^3: 0  0  0  0  0  0  0  0  0  0  0  0  0  0  0  0  0  0  0  0  0  0  
