@ ./zeo_outputs/16050N2_ddec.cif.sa Unitcell_volume: 4157.13   Density: 0.810656   ASA_A^2: 882.548 ASA_m^2/cm^3: 2122.98 ASA_m^2/g: 2618.84 NASA_A^2: 16.5787 NASA_m^2/cm^3: 39.8803 NASA_m^2/g: 49.195
Number_of_channels: 1 Channel_surface_area_A^2: 882.548  
Number_of_pockets: 22 Pocket_surface_area_A^2: 3.64642  1.18148  1.01847  0  0  0  0.00101539  0  0.00406155  1.2746  6.41793  1.46362  0.00203078  0.0162462  0.00913849  0  0.0294462  0.00609233  1.50471  0  0.00260848  0.000869492  
