@ ./zeo_outputs/16053N2_ddec.cif.sa Unitcell_volume: 13643.4   Density: 0.573461   ASA_A^2: 2314.06 ASA_m^2/cm^3: 1696.1 ASA_m^2/g: 2957.66 NASA_A^2: 0.148394 NASA_m^2/cm^3: 0.108766 NASA_m^2/g: 0.189667
Number_of_channels: 2 Channel_surface_area_A^2: 1155.62  1158.44  
Number_of_pockets: 22 Pocket_surface_area_A^2: 0  0  0.0192924  0  0  0  0  0  0  0  0.00710772  0.00203078  0.0574758  0.00507694  0  0.00101539  0.0279644  0.00101539  0.0111693  0.0081231  0.0081231  0  
