@ ./zeo_outputs/16060N2_ddec.cif.sa Unitcell_volume: 11541.8   Density: 0.519721   ASA_A^2: 3417.35 ASA_m^2/cm^3: 2960.85 ASA_m^2/g: 5697.01 NASA_A^2: 0.141139 NASA_m^2/cm^3: 0.122285 NASA_m^2/g: 0.23529
Number_of_channels: 1 Channel_surface_area_A^2: 3417.35  
Number_of_pockets: 3 Pocket_surface_area_A^2: 0.121847  0  0.0192924  
