@ ./zeo_outputs/16070N2_ddec.cif.sa Unitcell_volume: 6230.81   Density: 0.617806   ASA_A^2: 1955.69 ASA_m^2/cm^3: 3138.74 ASA_m^2/g: 5080.45 NASA_A^2: 0.00101539 NASA_m^2/cm^3: 0.00162962 NASA_m^2/g: 0.00263776
Number_of_channels: 1 Channel_surface_area_A^2: 1955.69  
Number_of_pockets: 1 Pocket_surface_area_A^2: 0.00101539  
