@ ./zeo_outputs/16080N2_ddec.cif.sa Unitcell_volume: 14546.3   Density: 0.491903   ASA_A^2: 2884.26 ASA_m^2/cm^3: 1982.81 ASA_m^2/g: 4030.9 NASA_A^2: 1.27573 NASA_m^2/cm^3: 0.87701 NASA_m^2/g: 1.78289
Number_of_channels: 1 Channel_surface_area_A^2: 2884.26  
Number_of_pockets: 11 Pocket_surface_area_A^2: 0.900033  0.00101539  0.170585  0.00101539  0.068031  0.135047  0  0  0  0  0  
