@ ./zeo_outputs/16120N2_ddec.cif.vol Unitcell_volume: 2790.01   Density: 0.76133   AV_A^3: 1520.05 AV_Volume_fraction: 0.54482 AV_cm^3/g: 0.715616 NAV_A^3: 0 NAV_Volume_fraction: 0 NAV_cm^3/g: 0
Number_of_channels: 1 Channel_volume_A^3: 1520.05  
Number_of_pockets: 16 Pocket_volume_A^3: 0  0  0  0  0  0  0  0  0  0  0  0  0  0  0  0  
