@ ./zeo_outputs/16121N2_ddec.cif.sa Unitcell_volume: 10683.7   Density: 0.888622   ASA_A^2: 3057.05 ASA_m^2/cm^3: 2861.41 ASA_m^2/g: 3220.05 NASA_A^2: 2.53288 NASA_m^2/cm^3: 2.37078 NASA_m^2/g: 2.66793
Number_of_channels: 1 Channel_surface_area_A^2: 3057.05  
Number_of_pockets: 41 Pocket_surface_area_A^2: 0.0374058  0  0.276684  0.040966  0.166161  0.0257837  0  0  0  0  0  0.00168334  0.0097705  0  0.0111693  0.0246435  0  0.00886683  0.0884697  0.00478515  0.0158651  0.224825  0.255097  0  0.0845856  0  0  0.202877  0.383063  0.151293  0.00710772  0.30122  0  0.00260848  0.0244459  0  0.00168334  0.00954338  0  0.00173898  0.170538  
