@ ./zeo_outputs/16120N2_ddec.cif.sa Unitcell_volume: 2790.01   Density: 0.76133   ASA_A^2: 721.948 ASA_m^2/cm^3: 2587.62 ASA_m^2/g: 3398.81 NASA_A^2: 0.596669 NASA_m^2/cm^3: 2.13859 NASA_m^2/g: 2.80901
Number_of_channels: 1 Channel_surface_area_A^2: 721.948  
Number_of_pockets: 16 Pocket_surface_area_A^2: 0.0676736  0.102207  0.0294462  0.0253847  0.00304616  0  0.00936846  0.0962705  0.0439485  0.086308  0.00101539  0.0345232  0  0.0233539  0.00406155  0.0700618  
