@ ./zeo_outputs/16141N2_ddec.cif.sa Unitcell_volume: 8473.08   Density: 0.428492   ASA_A^2: 1475.64 ASA_m^2/cm^3: 1741.57 ASA_m^2/g: 4064.41 NASA_A^2: 0.612489 NASA_m^2/cm^3: 0.722865 NASA_m^2/g: 1.687
Number_of_channels: 1 Channel_surface_area_A^2: 1475.64  
Number_of_pockets: 6 Pocket_surface_area_A^2: 0.00304616  0  0.179934  0.416309  0.00609233  0.00710772  
