@ ./zeo_outputs/16140N2_ddec.cif.sa Unitcell_volume: 12184.1   Density: 0.533736   ASA_A^2: 3171.27 ASA_m^2/cm^3: 2602.79 ASA_m^2/g: 4876.55 NASA_A^2: 0.019855 NASA_m^2/cm^3: 0.0162958 NASA_m^2/g: 0.0305316
Number_of_channels: 1 Channel_surface_area_A^2: 3171.27  
Number_of_pockets: 3 Pocket_surface_area_A^2: 0.0193624  0  0.000492602  
