@ ./zeo_outputs/16142N2_ddec.cif.sa Unitcell_volume: 8519.25   Density: 0.388748   ASA_A^2: 1461.77 ASA_m^2/cm^3: 1715.85 ASA_m^2/g: 4413.78 NASA_A^2: 0.146216 NASA_m^2/cm^3: 0.17163 NASA_m^2/g: 0.441495
Number_of_channels: 1 Channel_surface_area_A^2: 1461.77  
Number_of_pockets: 2 Pocket_surface_area_A^2: 0.146216  0  
