@ ./zeo_outputs/16160N2_ddec.cif.vol Unitcell_volume: 4200.74   Density: 0.740679   AV_A^3: 2456.76 AV_Volume_fraction: 0.58484 AV_cm^3/g: 0.7896 NAV_A^3: 0 NAV_Volume_fraction: 0 NAV_cm^3/g: 0
Number_of_channels: 1 Channel_volume_A^3: 2456.76  
Number_of_pockets: 21 Pocket_volume_A^3: 0  0  0  0  0  0  0  0  0  0  0  0  0  0  0  0  0  0  0  0  0  
