@ ./zeo_outputs/16160N2_ddec.cif.sa Unitcell_volume: 4200.74   Density: 0.740679   ASA_A^2: 840.138 ASA_m^2/cm^3: 1999.98 ASA_m^2/g: 2700.19 NASA_A^2: 2.24138 NASA_m^2/cm^3: 5.33568 NASA_m^2/g: 7.20376
Number_of_channels: 1 Channel_surface_area_A^2: 840.138  
Number_of_pockets: 21 Pocket_surface_area_A^2: 0  0.00852799  0.122737  0.135607  0  0  0.120924  0.110564  0.406341  0.0795217  0.124171  0.283263  0.019203  0  0.29032  0  0.0960997  0  0  0.441052  0.00304616  
