@ ./zeo_outputs/16160N2_ddec.cif.vol Unitcell_volume: 4200.74   Density: 0.740679   AV_A^3: 2520.44 AV_Volume_fraction: 0.6 AV_cm^3/g: 0.810067 NAV_A^3: 0 NAV_Volume_fraction: 0 NAV_cm^3/g: 0
Number_of_channels: 1 Channel_volume_A^3: 2520.44  
Number_of_pockets: 21 Pocket_volume_A^3: 0  0  0  0  0  0  0  0  0  0  0  0  0  0  0  0  0  0  0  0  0  
