@ ./zeo_outputs/16174N2_ddec.cif.sa Unitcell_volume: 22936   Density: 0.371696   ASA_A^2: 4210.36 ASA_m^2/cm^3: 1835.7 ASA_m^2/g: 4938.71 NASA_A^2: 0.383817 NASA_m^2/cm^3: 0.167342 NASA_m^2/g: 0.450214
Number_of_channels: 1 Channel_surface_area_A^2: 4210.36  
Number_of_pockets: 10 Pocket_surface_area_A^2: 0  0.00304616  0  0  0.00507694  0  0  0.102554  0  0.273139  
