@ ./zeo_outputs/16170N2_ddec.cif.sa Unitcell_volume: 9360.37   Density: 0.541368   ASA_A^2: 2363.27 ASA_m^2/cm^3: 2524.76 ASA_m^2/g: 4663.66 NASA_A^2: 0.0507694 NASA_m^2/cm^3: 0.0542387 NASA_m^2/g: 0.100188
Number_of_channels: 1 Channel_surface_area_A^2: 2363.27  
Number_of_pockets: 3 Pocket_surface_area_A^2: 0.031477  0.018277  0.00101539  
