@ ./zeo_outputs/16172N2_ddec.cif.sa Unitcell_volume: 15548.9   Density: 0.41144   ASA_A^2: 3163.97 ASA_m^2/cm^3: 2034.85 ASA_m^2/g: 4945.68 NASA_A^2: 0.0284309 NASA_m^2/cm^3: 0.0182848 NASA_m^2/g: 0.0444411
Number_of_channels: 1 Channel_surface_area_A^2: 3163.97  
Number_of_pockets: 2 Pocket_surface_area_A^2: 0.0192924  0.00913849  
