@ ./zeo_outputs/16173N2_ddec.cif.sa Unitcell_volume: 22959.6   Density: 0.370163   ASA_A^2: 3997.74 ASA_m^2/cm^3: 1741.21 ASA_m^2/g: 4703.89 NASA_A^2: 3.6975 NASA_m^2/cm^3: 1.61044 NASA_m^2/g: 4.35061
Number_of_channels: 1 Channel_surface_area_A^2: 3997.74  
Number_of_pockets: 10 Pocket_surface_area_A^2: 0.745265  0.309129  0.500036  0.353314  0.00710772  0.729671  0.427887  0.286188  0.338898  0  
