@ ./zeo_outputs/16191N2_ddec.cif.sa Unitcell_volume: 10310.5   Density: 0.699817   ASA_A^2: 3594.45 ASA_m^2/cm^3: 3486.2 ASA_m^2/g: 4981.59 NASA_A^2: 2.02866 NASA_m^2/cm^3: 1.96757 NASA_m^2/g: 2.81155
Number_of_channels: 1 Channel_surface_area_A^2: 3594.45  
Number_of_pockets: 6 Pocket_surface_area_A^2: 0.28657  0  0.00101539  0.414981  0.37874  0.947357  
