@ ./zeo_outputs/16191N2_ddec.cif.vol Unitcell_volume: 10310.5   Density: 0.699817   AV_A^3: 5336.93 AV_Volume_fraction: 0.51762 AV_cm^3/g: 0.739651 NAV_A^3: 0.20621 NAV_Volume_fraction: 2e-05 NAV_cm^3/g: 2.85789e-05
Number_of_channels: 1 Channel_volume_A^3: 5336.93  
Number_of_pockets: 6 Pocket_volume_A^3: 0  0  0  0  0  0.20621  
