@ ./zeo_outputs/16190N2_ddec.cif.sa Unitcell_volume: 7832.08   Density: 0.727662   ASA_A^2: 2852 ASA_m^2/cm^3: 3641.43 ASA_m^2/g: 5004.29 NASA_A^2: 0.0533519 NASA_m^2/cm^3: 0.0681197 NASA_m^2/g: 0.0936145
Number_of_channels: 1 Channel_surface_area_A^2: 2852  
Number_of_pockets: 4 Pocket_surface_area_A^2: 0  0.0211819  0.03217  0  
