@ ./zeo_outputs/16201N2_ddec.cif.vol Unitcell_volume: 3183.68   Density: 0.914655   AV_A^3: 1557.77 AV_Volume_fraction: 0.4893 AV_cm^3/g: 0.534956 NAV_A^3: 0.0636735 NAV_Volume_fraction: 2e-05 NAV_cm^3/g: 2.18662e-05
Number_of_channels: 1 Channel_volume_A^3: 1557.77  
Number_of_pockets: 2 Pocket_volume_A^3: 0  0.0636735  
