@ ./zeo_outputs/16201N2_ddec.cif.sa Unitcell_volume: 3183.68   Density: 0.914655   ASA_A^2: 1042.62 ASA_m^2/cm^3: 3274.88 ASA_m^2/g: 3580.45 NASA_A^2: 0.301196 NASA_m^2/cm^3: 0.946064 NASA_m^2/g: 1.03434
Number_of_channels: 1 Channel_surface_area_A^2: 1042.62  
Number_of_pockets: 2 Pocket_surface_area_A^2: 0.0836684  0.217528  
