@ ./zeo_outputs/16211N2_ddec.cif.sa Unitcell_volume: 5147.18   Density: 0.77486   ASA_A^2: 1074.51 ASA_m^2/cm^3: 2087.58 ASA_m^2/g: 2694.14 NASA_A^2: 1.71885 NASA_m^2/cm^3: 3.33941 NASA_m^2/g: 4.30969
Number_of_channels: 1 Channel_surface_area_A^2: 1074.51  
Number_of_pockets: 26 Pocket_surface_area_A^2: 0.0153776  0.00406155  0.0223385  0.0456925  0.297509  0  0.266032  0  0.00304616  0.0446771  0.00507694  0.00507694  0.0101539  0.0213231  0  0.0294462  0.068031  0  0.420371  0.0253847  0.40514  0.0233539  0  0.00269873  0.00304616  0.00101539  
