@ ./zeo_outputs/16210N2_ddec.cif.sa Unitcell_volume: 5100.91   Density: 0.71939   ASA_A^2: 1126.12 ASA_m^2/cm^3: 2207.69 ASA_m^2/g: 3068.84 NASA_A^2: 1.27075 NASA_m^2/cm^3: 2.49122 NASA_m^2/g: 3.46297
Number_of_channels: 1 Channel_surface_area_A^2: 1126.12  
Number_of_pockets: 36 Pocket_surface_area_A^2: 0.0264001  0.0802156  0.036554  0.0385847  0.0456925  0.0832618  0.108162  0.0142154  0.0142154  0  0.00913849  0.00304616  0.0111693  0.00203078  0  0.00710772  0.198776  0.0517848  0.127436  0.113723  0.0538156  0.101539  0.0416309  0.0406155  0.0342196  0  0.0213231  0  0  0  0.00101539  0.00507694  0  0  0  0  
