@ ./zeo_outputs/16211N2_ddec.cif.vol Unitcell_volume: 5147.18   Density: 0.77486   AV_A^3: 2058.87 AV_Volume_fraction: 0.4 AV_cm^3/g: 0.516222 NAV_A^3: 0 NAV_Volume_fraction: 0 NAV_cm^3/g: 0
Number_of_channels: 1 Channel_volume_A^3: 2058.87  
Number_of_pockets: 26 Pocket_volume_A^3: 0  0  0  0  0  0  0  0  0  0  0  0  0  0  0  0  0  0  0  0  0  0  0  0  0  0  
