@ ./zeo_outputs/16230N2_ddec.cif.sa Unitcell_volume: 2006.46   Density: 0.844996   ASA_A^2: 590.69 ASA_m^2/cm^3: 2943.94 ASA_m^2/g: 3483.96 NASA_A^2: 0.347596 NASA_m^2/cm^3: 1.73238 NASA_m^2/g: 2.05016
Number_of_channels: 1 Channel_surface_area_A^2: 590.69  
Number_of_pockets: 5 Pocket_surface_area_A^2: 0  0.0586649  0.19287  0.0706759  0.0253847  
