@ ./zeo_outputs/16260N2_ddec.cif.sa Unitcell_volume: 4858.84   Density: 1.03072   ASA_A^2: 1986.5 ASA_m^2/cm^3: 4088.44 ASA_m^2/g: 3966.57 NASA_A^2: 0.59136 NASA_m^2/cm^3: 1.21708 NASA_m^2/g: 1.1808
Number_of_channels: 1 Channel_surface_area_A^2: 1986.5  
Number_of_pockets: 8 Pocket_surface_area_A^2: 0  0.00101539  0.405903  0.156775  0.0192924  0  0.00443342  0.00394081  
