@ ./zeo_outputs/16271N2_ddec.cif.sa Unitcell_volume: 16176   Density: 0.456346   ASA_A^2: 3749.26 ASA_m^2/cm^3: 2317.79 ASA_m^2/g: 5079.02 NASA_A^2: 0.194894 NASA_m^2/cm^3: 0.120483 NASA_m^2/g: 0.264018
Number_of_channels: 1 Channel_surface_area_A^2: 3749.26  
Number_of_pockets: 4 Pocket_surface_area_A^2: 0.000985203  0  0.192924  0.000985203  
