@ ./zeo_outputs/16290N3_ddec.cif.vol Unitcell_volume: 13366   Density: 1.06672   AV_A^3: 4039.47 AV_Volume_fraction: 0.30222 AV_cm^3/g: 0.283318 NAV_A^3: 0 NAV_Volume_fraction: 0 NAV_cm^3/g: 0
Number_of_channels: 1 Channel_volume_A^3: 4039.47  
Number_of_pockets: 31 Pocket_volume_A^3: 0  0  0  0  0  0  0  0  0  0  0  0  0  0  0  0  0  0  0  0  0  0  0  0  0  0  0  0  0  0  0  
