@ ./zeo_outputs/16290N3_ddec.cif.vol Unitcell_volume: 13366   Density: 1.06672   AV_A^3: 8019.59 AV_Volume_fraction: 0.6 AV_cm^3/g: 0.562473 NAV_A^3: 0 NAV_Volume_fraction: 0 NAV_cm^3/g: 0
Number_of_channels: 1 Channel_volume_A^3: 8019.59  
Number_of_pockets: 31 Pocket_volume_A^3: 0  0  0  0  0  0  0  0  0  0  0  0  0  0  0  0  0  0  0  0  0  0  0  0  0  0  0  0  0  0  0  
