@ ./zeo_outputs/16290N3_ddec.cif.sa Unitcell_volume: 13366   Density: 1.06672   ASA_A^2: 5066.47 ASA_m^2/cm^3: 3790.57 ASA_m^2/g: 3553.49 NASA_A^2: 1.00973 NASA_m^2/cm^3: 0.75545 NASA_m^2/g: 0.708201
Number_of_channels: 1 Channel_surface_area_A^2: 5066.47  
Number_of_pockets: 31 Pocket_surface_area_A^2: 0.00689642  0.00507694  0.423557  0  0.0587437  0.0474302  0.00203078  0.0531577  0.00507694  0.0147277  0.0345232  0.00487067  0.0264286  0.00298579  0.00246301  0.0132  0  0.000492602  0.0468827  0.0526685  0.0110183  0  0  0.0355386  0.0482955  0.00200059  0.0272134  0.077559  0.00689642  0  0  
