@ ./zeo_outputs/16330N2_ddec.cif.sa Unitcell_volume: 5448.6   Density: 0.468681   ASA_A^2: 1154.62 ASA_m^2/cm^3: 2119.11 ASA_m^2/g: 4521.44 NASA_A^2: 0.246739 NASA_m^2/cm^3: 0.452849 NASA_m^2/g: 0.966219
Number_of_channels: 1 Channel_surface_area_A^2: 1154.62  
Number_of_pockets: 3 Pocket_surface_area_A^2: 0.154339  0.0264001  0.0660002  
