@ ./zeo_outputs/16331N2_ddec.cif.sa Unitcell_volume: 8034.05   Density: 0.414676   ASA_A^2: 1408.84 ASA_m^2/cm^3: 1753.59 ASA_m^2/g: 4228.81 NASA_A^2: 1.02419 NASA_m^2/cm^3: 1.27482 NASA_m^2/g: 3.07425
Number_of_channels: 1 Channel_surface_area_A^2: 1408.84  
Number_of_pockets: 10 Pocket_surface_area_A^2: 0.0548309  0.0121847  0  0.0741233  0.0081231  0.234555  0.0690464  0.45253  0.101539  0.0172616  
