@ ./zeo_outputs/16340N2_ddec.cif.sa Unitcell_volume: 6327.85   Density: 0.76704   ASA_A^2: 1955.16 ASA_m^2/cm^3: 3089.77 ASA_m^2/g: 4028.17 NASA_A^2: 0.111433 NASA_m^2/cm^3: 0.176099 NASA_m^2/g: 0.229582
Number_of_channels: 1 Channel_surface_area_A^2: 1955.16  
Number_of_pockets: 4 Pocket_surface_area_A^2: 0.10897  0  0.00246301  0  
