@ ./zeo_outputs/16351N2_ddec.cif.sa Unitcell_volume: 8274.24   Density: 0.6143   ASA_A^2: 1646.96 ASA_m^2/cm^3: 1990.46 ASA_m^2/g: 3240.21 NASA_A^2: 5.98021 NASA_m^2/cm^3: 7.22751 NASA_m^2/g: 11.7654
Number_of_channels: 1 Channel_surface_area_A^2: 1646.96  
Number_of_pockets: 37 Pocket_surface_area_A^2: 0.164265  0.0142154  0  0.0452686  0.00203078  0.0335078  0.0347899  0  0.753475  0  0.067119  0.00406155  0.0324924  1.7594  0.0602387  1.35864  0.0507694  0.0192924  0.0172616  0.0710772  0.10357  0.12928  0.102256  0.200031  0.240046  0.0142154  0.35437  0.00203078  0  0.00609233  0.0991441  0.0426463  0.124893  0.0284309  0.0203078  0.00203078  0.0229598  
