@ ./zeo_outputs/16350N2_ddec.cif.sa Unitcell_volume: 8247.39   Density: 0.509863   ASA_A^2: 1280.91 ASA_m^2/cm^3: 1553.11 ASA_m^2/g: 3046.14 NASA_A^2: 2.83547 NASA_m^2/cm^3: 3.43802 NASA_m^2/g: 6.74303
Number_of_channels: 1 Channel_surface_area_A^2: 1280.91  
Number_of_pockets: 33 Pocket_surface_area_A^2: 0.238843  0.0162462  0.174647  0.195248  0.147231  0.0903695  0.0700618  0.0751387  0.135688  0.0396001  0.0467078  0.0972766  0.0101539  0.0609233  0.0121847  0.0243693  0.158895  0.0267107  0.192115  0.00913849  0.108647  0.0588925  0.0792003  0.0507694  0.0162462  0  0.0538156  0.0690464  0.068031  0.0720925  0.223478  0.00934558  0.20436  
