@ ./zeo_outputs/16361N2_ddec.cif.sa Unitcell_volume: 9522.25   Density: 0.383347   ASA_A^2: 1542.66 ASA_m^2/cm^3: 1620.06 ASA_m^2/g: 4226.08 NASA_A^2: 0.0253578 NASA_m^2/cm^3: 0.02663 NASA_m^2/g: 0.0694671
Number_of_channels: 1 Channel_surface_area_A^2: 1542.66  
Number_of_pockets: 5 Pocket_surface_area_A^2: 0.00809619  0  0.00913849  0  0.0081231  
