@ ./zeo_outputs/16360N2_ddec.cif.sa Unitcell_volume: 4820.4   Density: 0.544121   ASA_A^2: 1038.07 ASA_m^2/cm^3: 2153.49 ASA_m^2/g: 3957.75 NASA_A^2: 0.216251 NASA_m^2/cm^3: 0.448616 NASA_m^2/g: 0.824478
Number_of_channels: 1 Channel_surface_area_A^2: 1038.07  
Number_of_pockets: 7 Pocket_surface_area_A^2: 0.0111693  0.0319713  0.00710772  0.0132  0.00406155  0.00406155  0.144679  
