@ ./zeo_outputs/16371N2_ddec.cif.sa Unitcell_volume: 1295.39   Density: 1.37054   ASA_A^2: 511.496 ASA_m^2/cm^3: 3948.59 ASA_m^2/g: 2881.04 NASA_A^2: 0.51074 NASA_m^2/cm^3: 3.94275 NASA_m^2/g: 2.87678
Number_of_channels: 1 Channel_surface_area_A^2: 511.496  
Number_of_pockets: 6 Pocket_surface_area_A^2: 0.250801  0.117785  0.00304616  0.0588925  0.0710772  0.00913849  
