@ ./zeo_outputs/16380N2_ddec.cif.sa Unitcell_volume: 13668   Density: 0.319638   ASA_A^2: 1975.92 ASA_m^2/cm^3: 1445.65 ASA_m^2/g: 4522.78 NASA_A^2: 0.257909 NASA_m^2/cm^3: 0.188695 NASA_m^2/g: 0.590339
Number_of_channels: 1 Channel_surface_area_A^2: 1975.92  
Number_of_pockets: 4 Pocket_surface_area_A^2: 0.122862  0.120831  0.0081231  0.00609233  
