@ ./zeo_outputs/16420N2_ddec.cif.sa Unitcell_volume: 5397.81   Density: 0.742764   ASA_A^2: 1622.65 ASA_m^2/cm^3: 3006.13 ASA_m^2/g: 4047.22 NASA_A^2: 0.480332 NASA_m^2/cm^3: 0.889864 NASA_m^2/g: 1.19804
Number_of_channels: 1 Channel_surface_area_A^2: 1622.65  
Number_of_pockets: 11 Pocket_surface_area_A^2: 0.0116011  0  0  0.198945  0.0101539  0  0.0561012  0.116594  0.0253847  0.0081231  0.0534285  
