@ ./zeo_outputs/16420N2_ddec.cif.vol Unitcell_volume: 5397.81   Density: 0.742764   AV_A^3: 2839.57 AV_Volume_fraction: 0.52606 AV_cm^3/g: 0.708246 NAV_A^3: 0.107956 NAV_Volume_fraction: 2e-05 NAV_cm^3/g: 2.69264e-05
Number_of_channels: 1 Channel_volume_A^3: 2839.57  
Number_of_pockets: 11 Pocket_volume_A^3: 0  0  0  0  0  0  0  0.107956  0  0  0  
