@ ./zeo_outputs/16430N2_ddec.cif.sa Unitcell_volume: 5140.22   Density: 0.776327   ASA_A^2: 2271.17 ASA_m^2/cm^3: 4418.43 ASA_m^2/g: 5691.46 NASA_A^2: 0.105044 NASA_m^2/cm^3: 0.204357 NASA_m^2/g: 0.263236
Number_of_channels: 1 Channel_surface_area_A^2: 2271.17  
Number_of_pockets: 1 Pocket_surface_area_A^2: 0.105044  
