@ ./zeo_outputs/16440N2_ddec.cif.sa Unitcell_volume: 8304.91   Density: 0.470824   ASA_A^2: 1595.19 ASA_m^2/cm^3: 1920.78 ASA_m^2/g: 4079.61 NASA_A^2: 0.561741 NASA_m^2/cm^3: 0.676395 NASA_m^2/g: 1.43662
Number_of_channels: 1 Channel_surface_area_A^2: 1595.19  
Number_of_pockets: 9 Pocket_surface_area_A^2: 0  0.0101539  0.00147781  0.481062  0.00507694  0.0081231  0  0  0.0558463  
