@ ./zeo_outputs/16450N2_ddec.cif.sa Unitcell_volume: 6130.98   Density: 0.471821   ASA_A^2: 1499.29 ASA_m^2/cm^3: 2445.42 ASA_m^2/g: 5182.95 NASA_A^2: 0.026289 NASA_m^2/cm^3: 0.0428789 NASA_m^2/g: 0.0908797
Number_of_channels: 1 Channel_surface_area_A^2: 1499.29  
Number_of_pockets: 1 Pocket_surface_area_A^2: 0.026289  
