@ ./zeo_outputs/16460N2_ddec.cif.sa Unitcell_volume: 16599.5   Density: 0.439813   ASA_A^2: 3020.68 ASA_m^2/cm^3: 1819.75 ASA_m^2/g: 4137.54 NASA_A^2: 1.06648 NASA_m^2/cm^3: 0.64248 NASA_m^2/g: 1.4608
Number_of_channels: 1 Channel_surface_area_A^2: 3020.68  
Number_of_pockets: 26 Pocket_surface_area_A^2: 0.00406155  0.0081231  0.0393888  0.0601892  0.303601  0.0294462  0.0700618  0.029329  0.00101539  0.00203078  0.00197041  0.000869492  0.0950088  0.00101539  0.00203078  0.00101539  0.257909  0.00304616  0  0.0720925  0  0.00507694  0.0152308  0.0192924  0  0.0446771  
