@ ./zeo_outputs/16460N2_ddec.cif.vol Unitcell_volume: 16599.5   Density: 0.439813   AV_A^3: 6639.78 AV_Volume_fraction: 0.4 AV_cm^3/g: 0.909477 NAV_A^3: 0 NAV_Volume_fraction: 0 NAV_cm^3/g: 0
Number_of_channels: 1 Channel_volume_A^3: 6639.78  
Number_of_pockets: 26 Pocket_volume_A^3: 0  0  0  0  0  0  0  0  0  0  0  0  0  0  0  0  0  0  0  0  0  0  0  0  0  0  
