@ ./zeo_outputs/16481N2_ddec.cif.sa Unitcell_volume: 3809.96   Density: 0.60475   ASA_A^2: 860.577 ASA_m^2/cm^3: 2258.75 ASA_m^2/g: 3735.02 NASA_A^2: 0.0550816 NASA_m^2/cm^3: 0.144572 NASA_m^2/g: 0.239061
Number_of_channels: 1 Channel_surface_area_A^2: 860.577  
Number_of_pockets: 2 Pocket_surface_area_A^2: 0.00536285  0.0497187  
