@ ./zeo_outputs/16480N2_ddec.cif.sa Unitcell_volume: 3955.56   Density: 0.58249   ASA_A^2: 930.39 ASA_m^2/cm^3: 2352.11 ASA_m^2/g: 4038.02 NASA_A^2: 0.81028 NASA_m^2/cm^3: 2.04846 NASA_m^2/g: 3.51672
Number_of_channels: 1 Channel_surface_area_A^2: 930.39  
Number_of_pockets: 10 Pocket_surface_area_A^2: 0  0.23557  0.0771695  0  0.0223385  0  0.0426463  0.427478  0.00101539  0.00406155  
