@ ./zeo_outputs/16490N2_ddec.cif.sa Unitcell_volume: 3677.33   Density: 0.81882   ASA_A^2: 1171.91 ASA_m^2/cm^3: 3186.84 ASA_m^2/g: 3891.99 NASA_A^2: 0.194954 NASA_m^2/cm^3: 0.530152 NASA_m^2/g: 0.647459
Number_of_channels: 1 Channel_surface_area_A^2: 1171.91  
Number_of_pockets: 4 Pocket_surface_area_A^2: 0.189878  0.00507694  0  0  
