@ ./zeo_outputs/16500N2_ddec.cif.sa Unitcell_volume: 2851.96   Density: 1.03525   ASA_A^2: 880.237 ASA_m^2/cm^3: 3086.43 ASA_m^2/g: 2981.34 NASA_A^2: 1.097 NASA_m^2/cm^3: 3.84647 NASA_m^2/g: 3.71551
Number_of_channels: 1 Channel_surface_area_A^2: 880.237  
Number_of_pockets: 12 Pocket_surface_area_A^2: 0.00609233  0.00406155  0.00147781  0.0934157  0  0.123877  0  0.00101539  0.422295  0.444762  0  0  
