@ ./zeo_outputs/16510N2_ddec.cif.sa Unitcell_volume: 4570.98   Density: 0.781202   ASA_A^2: 1655.78 ASA_m^2/cm^3: 3622.38 ASA_m^2/g: 4636.93 NASA_A^2: 0.0700618 NASA_m^2/cm^3: 0.153275 NASA_m^2/g: 0.196204
Number_of_channels: 1 Channel_surface_area_A^2: 1655.78  
Number_of_pockets: 3 Pocket_surface_area_A^2: 0  0.0284309  0.0416309  
