@ ./zeo_outputs/17000N2_ddec.cif.sa Unitcell_volume: 13958.8   Density: 0.660181   ASA_A^2: 2987.09 ASA_m^2/cm^3: 2139.94 ASA_m^2/g: 3241.45 NASA_A^2: 17.3759 NASA_m^2/cm^3: 12.448 NASA_m^2/g: 18.8555
Number_of_channels: 1 Channel_surface_area_A^2: 2987.09  
Number_of_pockets: 53 Pocket_surface_area_A^2: 0  2.52527  1.52504  1.38229  0.232524  0.00147781  0.0644852  0  0.0274155  0.0345232  0.0132  0.0172616  0.0152308  0.292432  0.0274155  0.0121847  0.000985203  0.0172616  0.036554  0.073618  1.72127  1.63472  1.52768  0  0.140264  0.0101539  0.018277  0.0132  0  0.0162462  0.0192924  0.00609233  0.0142154  0.00304616  0.0335078  0.0507694  1.44137  0  0.0101539  0  0  0.0142154  0.101966  1.03773  0.00203078  0.944311  0.0233539  0.906741  0.0944311  0.107631  0.0792003  1.10488  0  
