@ ./zeo_outputs/17020N2_ddec.cif.sa Unitcell_volume: 4858.01   Density: 0.595335   ASA_A^2: 969.484 ASA_m^2/cm^3: 1995.64 ASA_m^2/g: 3352.12 NASA_A^2: 0.066213 NASA_m^2/cm^3: 0.136296 NASA_m^2/g: 0.228941
Number_of_channels: 1 Channel_surface_area_A^2: 969.484  
Number_of_pockets: 5 Pocket_surface_area_A^2: 0.00861734  0.000492602  0  0.00203078  0.0550723  
