@ ./zeo_outputs/17030N2_ddec.cif.sa Unitcell_volume: 8327.72   Density: 0.435971   ASA_A^2: 1431.84 ASA_m^2/cm^3: 1719.37 ASA_m^2/g: 3943.78 NASA_A^2: 1.53588 NASA_m^2/cm^3: 1.8443 NASA_m^2/g: 4.23033
Number_of_channels: 1 Channel_surface_area_A^2: 1431.84  
Number_of_pockets: 7 Pocket_surface_area_A^2: 0.267818  0.261165  0.249783  0.00304616  0.27702  0.202896  0.274152  
