@ ./zeo_outputs/17040N2_ddec.cif.sa Unitcell_volume: 11582.3   Density: 0.700464   ASA_A^2: 3752.22 ASA_m^2/cm^3: 3239.61 ASA_m^2/g: 4624.95 NASA_A^2: 0.0034784 NASA_m^2/cm^3: 0.0030032 NASA_m^2/g: 0.00428744
Number_of_channels: 1 Channel_surface_area_A^2: 3752.22  
Number_of_pockets: 3 Pocket_surface_area_A^2: 0  0.0034784  0  
