@ ./zeo_outputs/17050N2_ddec.cif.sa Unitcell_volume: 8561.18   Density: 0.494127   ASA_A^2: 1757.93 ASA_m^2/cm^3: 2053.37 ASA_m^2/g: 4155.55 NASA_A^2: 3.83385 NASA_m^2/cm^3: 4.47818 NASA_m^2/g: 9.06282
Number_of_channels: 1 Channel_surface_area_A^2: 1757.93  
Number_of_pockets: 10 Pocket_surface_area_A^2: 0.123877  0.907757  1.35066  0.0426463  0.173631  0  1.22789  0.00738903  0  0  
