@ ./zeo_outputs/17060N2_ddec.cif.sa Unitcell_volume: 7902.27   Density: 0.751486   ASA_A^2: 2562.37 ASA_m^2/cm^3: 3242.57 ASA_m^2/g: 4314.88 NASA_A^2: 0.021695 NASA_m^2/cm^3: 0.0274541 NASA_m^2/g: 0.0365331
Number_of_channels: 1 Channel_surface_area_A^2: 2562.37  
Number_of_pockets: 5 Pocket_surface_area_A^2: 0  0  0.000985203  0.00609233  0.0146175  
