@ ./zeo_outputs/17061N2_ddec.cif.sa Unitcell_volume: 5043.62   Density: 0.876767   ASA_A^2: 1960.33 ASA_m^2/cm^3: 3886.75 ASA_m^2/g: 4433.05 NASA_A^2: 0.000492602 NASA_m^2/cm^3: 0.000976683 NASA_m^2/g: 0.00111396
Number_of_channels: 1 Channel_surface_area_A^2: 1960.33  
Number_of_pockets: 1 Pocket_surface_area_A^2: 0.000492602  
