@ ./zeo_outputs/17070N2_ddec.cif.sa Unitcell_volume: 7888.25   Density: 0.462755   ASA_A^2: 1414.66 ASA_m^2/cm^3: 1793.37 ASA_m^2/g: 3875.42 NASA_A^2: 1.50901 NASA_m^2/cm^3: 1.91299 NASA_m^2/g: 4.13391
Number_of_channels: 1 Channel_surface_area_A^2: 1414.66  
Number_of_pockets: 17 Pocket_surface_area_A^2: 0.283158  0.162567  0.124373  0.409651  0.387807  0.00406155  0.0602263  0.00101539  0.0132  0.00101539  0  0.0142154  0.0203078  0.0274155  0  0  0  
