@ ./zeo_outputs/17070N2_ddec.cif.vol Unitcell_volume: 7888.25   Density: 0.462755   AV_A^3: 5521.78 AV_Volume_fraction: 0.7 AV_cm^3/g: 1.51268 NAV_A^3: 0 NAV_Volume_fraction: 0 NAV_cm^3/g: 0
Number_of_channels: 1 Channel_volume_A^3: 5521.78  
Number_of_pockets: 17 Pocket_volume_A^3: 0  0  0  0  0  0  0  0  0  0  0  0  0  0  0  0  0  
