@ ./zeo_outputs/17070N2_ddec.cif.vol Unitcell_volume: 7888.25   Density: 0.462755   AV_A^3: 5574.16 AV_Volume_fraction: 0.70664 AV_cm^3/g: 1.52703 NAV_A^3: 0.157765 NAV_Volume_fraction: 2e-05 NAV_cm^3/g: 4.32194e-05
Number_of_channels: 1 Channel_volume_A^3: 5574.16  
Number_of_pockets: 17 Pocket_volume_A^3: 0  0  0  0  0.157765  0  0  0  0  0  0  0  0  0  0  0  0  
