@ ./zeo_outputs/17091N3_ddec.cif.sa Unitcell_volume: 4376.51   Density: 1.11223   ASA_A^2: 1839.59 ASA_m^2/cm^3: 4203.33 ASA_m^2/g: 3779.17 NASA_A^2: 1.78239 NASA_m^2/cm^3: 4.07262 NASA_m^2/g: 3.66165
Number_of_channels: 1 Channel_surface_area_A^2: 1839.59  
Number_of_pockets: 9 Pocket_surface_area_A^2: 0.207145  0.330593  0.168399  0.251144  0.183729  0.218975  0.268572  0.00304616  0.150784  
