@ ./zeo_outputs/17091N3_ddec.cif.vol Unitcell_volume: 4376.51   Density: 1.11223   AV_A^3: 1124.59 AV_Volume_fraction: 0.25696 AV_cm^3/g: 0.23103 NAV_A^3: 0.0875303 NAV_Volume_fraction: 2e-05 NAV_cm^3/g: 1.79818e-05
Number_of_channels: 1 Channel_volume_A^3: 1124.59  
Number_of_pockets: 9 Pocket_volume_A^3: 0.0875303  0  0  0  0  0  0  0  0  
