@ ./zeo_outputs/17100N2_ddec.cif.sa Unitcell_volume: 7802.47   Density: 0.534228   ASA_A^2: 1394.54 ASA_m^2/cm^3: 1787.3 ASA_m^2/g: 3345.58 NASA_A^2: 0.900649 NASA_m^2/cm^3: 1.15431 NASA_m^2/g: 2.16071
Number_of_channels: 1 Channel_surface_area_A^2: 1394.54  
Number_of_pockets: 15 Pocket_surface_area_A^2: 0.374678  0.0385847  0.0142154  0.0304616  0  0.00609233  0.318832  0  0.0528002  0  0  0.036554  0  0.0142154  0.0142154  
