@ ./zeo_outputs/17100N2_ddec.cif.vol Unitcell_volume: 7802.47   Density: 0.534228   AV_A^3: 5337.67 AV_Volume_fraction: 0.6841 AV_cm^3/g: 1.28054 NAV_A^3: 0 NAV_Volume_fraction: 0 NAV_cm^3/g: 0
Number_of_channels: 1 Channel_volume_A^3: 5337.67  
Number_of_pockets: 15 Pocket_volume_A^3: 0  0  0  0  0  0  0  0  0  0  0  0  0  0  0  
