@ ./zeo_outputs/17130N2_ddec.cif.vol Unitcell_volume: 23841.2   Density: 0.533888   AV_A^3: 15259.8 AV_Volume_fraction: 0.64006 AV_cm^3/g: 1.19887 NAV_A^3: 0 NAV_Volume_fraction: 0 NAV_cm^3/g: 0
Number_of_channels: 2 Channel_volume_A^3: 15125.3  134.464  
Number_of_pockets: 30 Pocket_volume_A^3: 0  0  0  0  0  0  0  0  0  0  0  0  0  0  0  0  0  0  0  0  0  0  0  0  0  0  0  0  0  0  
