@ ./zeo_outputs/17130N2_ddec.cif.sa Unitcell_volume: 23841.2   Density: 0.533888   ASA_A^2: 4864.44 ASA_m^2/cm^3: 2040.35 ASA_m^2/g: 3821.69 NASA_A^2: 2.23564 NASA_m^2/cm^3: 0.937721 NASA_m^2/g: 1.7564
Number_of_channels: 2 Channel_surface_area_A^2: 4492.97  371.479  
Number_of_pockets: 30 Pocket_surface_area_A^2: 0.00101539  0.0852926  0.0176335  0.0786159  0.233853  0.0375186  0.12997  0.00492602  0  0.00101539  0.0111693  0  0.00101539  0.000869492  0.142154  0.513786  0  0.0081231  0.0203078  0.00406155  0.0456925  0.0274155  0.428494  0.285324  0  0.144185  0.00304616  0.00304616  0.00710772  0  
