@ ./zeo_outputs/17131N2_ddec.cif.vol Unitcell_volume: 14919.5   Density: 0.649875   AV_A^3: 8951.68 AV_Volume_fraction: 0.6 AV_cm^3/g: 0.923255 NAV_A^3: 0 NAV_Volume_fraction: 0 NAV_cm^3/g: 0
Number_of_channels: 3 Channel_volume_A^3: 8951.68  0  0  
Number_of_pockets: 14 Pocket_volume_A^3: 0  0  0  0  0  0  0  0  0  0  0  0  0  0  
