@ ./zeo_outputs/17131N2_ddec.cif.sa Unitcell_volume: 14919.5   Density: 0.649875   ASA_A^2: 3585.56 ASA_m^2/cm^3: 2403.28 ASA_m^2/g: 3698.07 NASA_A^2: 0.835664 NASA_m^2/cm^3: 0.560117 NASA_m^2/g: 0.861884
Number_of_channels: 3 Channel_surface_area_A^2: 3044.4  279.163  262  
Number_of_pockets: 14 Pocket_surface_area_A^2: 0.114739  0  0.00406155  0  0.0081231  0.36757  0.00304616  0.0477232  0  0.234555  0.00507694  0.0192924  0.00304616  0.0284309  
