@ ./zeo_outputs/17140N2_ddec.cif.sa Unitcell_volume: 5056.85   Density: 0.528654   ASA_A^2: 1131.85 ASA_m^2/cm^3: 2238.25 ASA_m^2/g: 4233.86 NASA_A^2: 2.35076 NASA_m^2/cm^3: 4.64866 NASA_m^2/g: 8.79339
Number_of_channels: 1 Channel_surface_area_A^2: 1131.85  
Number_of_pockets: 8 Pocket_surface_area_A^2: 0.916895  0.326809  0.219324  0.0223385  0.0094198  0.768649  0.0873234  0  
