@ ./zeo_outputs/17140N2_ddec.cif.vol Unitcell_volume: 5056.85   Density: 0.528654   AV_A^3: 3249.23 AV_Volume_fraction: 0.64254 AV_cm^3/g: 1.21543 NAV_A^3: 0.101137 NAV_Volume_fraction: 2e-05 NAV_cm^3/g: 3.78319e-05
Number_of_channels: 1 Channel_volume_A^3: 3249.23  
Number_of_pockets: 8 Pocket_volume_A^3: 0  0  0.101137  0  0  0  0  0  
