@ ./zeo_outputs/17152N2_ddec.cif.sa Unitcell_volume: 9182.87   Density: 0.477578   ASA_A^2: 2099 ASA_m^2/cm^3: 2285.78 ASA_m^2/g: 4786.2 NASA_A^2: 0.458238 NASA_m^2/cm^3: 0.499014 NASA_m^2/g: 1.04489
Number_of_channels: 1 Channel_surface_area_A^2: 2099  
Number_of_pockets: 7 Pocket_surface_area_A^2: 0.00492602  0.341143  0.00304616  0.0845024  0.00837423  0  0.0162462  
