@ ./zeo_outputs/17156N2_ddec.cif.vol Unitcell_volume: 9595.78   Density: 0.878368   AV_A^3: 3796.28 AV_Volume_fraction: 0.39562 AV_cm^3/g: 0.450403 NAV_A^3: 0.191916 NAV_Volume_fraction: 2e-05 NAV_cm^3/g: 2.27695e-05
Number_of_channels: 1 Channel_volume_A^3: 3796.28  
Number_of_pockets: 7 Pocket_volume_A^3: 0  0  0.191916  0  0  0  0  
