@ ./zeo_outputs/17155N2_ddec.cif.sa Unitcell_volume: 10638.2   Density: 0.519441   ASA_A^2: 2793.67 ASA_m^2/cm^3: 2626.07 ASA_m^2/g: 5055.57 NASA_A^2: 1.43132 NASA_m^2/cm^3: 1.34545 NASA_m^2/g: 2.59019
Number_of_channels: 1 Channel_surface_area_A^2: 2793.67  
Number_of_pockets: 5 Pocket_surface_area_A^2: 0.621169  0.766243  0  0.0365145  0.00738903  
