@ ./zeo_outputs/17154N2_ddec.cif.sa Unitcell_volume: 10213.6   Density: 0.512414   ASA_A^2: 2642.9 ASA_m^2/cm^3: 2587.63 ASA_m^2/g: 5049.88 NASA_A^2: 0.0443849 NASA_m^2/cm^3: 0.0434565 NASA_m^2/g: 0.0848075
Number_of_channels: 1 Channel_surface_area_A^2: 2642.9  
Number_of_pockets: 3 Pocket_surface_area_A^2: 0.00643401  0.0334873  0.0044636  
