@ ./zeo_outputs/17150N2_ddec.cif.sa Unitcell_volume: 9474.31   Density: 0.447461   ASA_A^2: 2173.53 ASA_m^2/cm^3: 2294.13 ASA_m^2/g: 5127 NASA_A^2: 0.00147781 NASA_m^2/cm^3: 0.0015598 NASA_m^2/g: 0.0034859
Number_of_channels: 1 Channel_surface_area_A^2: 2173.53  
Number_of_pockets: 3 Pocket_surface_area_A^2: 0  0  0.00147781  
