@ ./zeo_outputs/17156N2_ddec.cif.sa Unitcell_volume: 9595.78   Density: 0.878368   ASA_A^2: 4149.18 ASA_m^2/cm^3: 4323.96 ASA_m^2/g: 4922.72 NASA_A^2: 1.08111 NASA_m^2/cm^3: 1.12665 NASA_m^2/g: 1.28266
Number_of_channels: 1 Channel_surface_area_A^2: 4149.18  
Number_of_pockets: 7 Pocket_surface_area_A^2: 0.00886683  0.0315169  0.829253  0.211469  0  0  0  
