@ ./zeo_outputs/17153N2_ddec.cif.vol Unitcell_volume: 8859.89   Density: 0.504396   AV_A^3: 5790.11 AV_Volume_fraction: 0.65352 AV_cm^3/g: 1.29565 NAV_A^3: 0 NAV_Volume_fraction: 0 NAV_cm^3/g: 0
Number_of_channels: 1 Channel_volume_A^3: 5790.11  
Number_of_pockets: 14 Pocket_volume_A^3: 0  0  0  0  0  0  0  0  0  0  0  0  0  0  
