@ ./zeo_outputs/17153N2_ddec.cif.sa Unitcell_volume: 8859.89   Density: 0.504396   ASA_A^2: 1999.84 ASA_m^2/cm^3: 2257.18 ASA_m^2/g: 4475.02 NASA_A^2: 0.417325 NASA_m^2/cm^3: 0.471027 NASA_m^2/g: 0.933844
Number_of_channels: 1 Channel_surface_area_A^2: 1999.84  
Number_of_pockets: 14 Pocket_surface_area_A^2: 0  0.106616  0.162462  0.116177  0  0.00609233  0  0.0114808  0  0  0.0094198  0.00101539  0.00406155  0  
