@ ./zeo_outputs/17151N2_ddec.cif.sa Unitcell_volume: 8273.15   Density: 0.524462   ASA_A^2: 1774.84 ASA_m^2/cm^3: 2145.3 ASA_m^2/g: 4090.48 NASA_A^2: 2.85188 NASA_m^2/cm^3: 3.44715 NASA_m^2/g: 6.57274
Number_of_channels: 1 Channel_surface_area_A^2: 1774.84  
Number_of_pockets: 18 Pocket_surface_area_A^2: 0  0.170332  0  0  0  0.00944999  0.00911157  0.121847  0.00944999  0.159416  0.529697  0.00101539  1.79216  0.00101539  0.00101539  0.0291842  0.00498639  0.0132  
