@ ./zeo_outputs/17170N2_ddec.cif.sa Unitcell_volume: 2109.31   Density: 0.74875   ASA_A^2: 615.902 ASA_m^2/cm^3: 2919.93 ASA_m^2/g: 3899.74 NASA_A^2: 0.311724 NASA_m^2/cm^3: 1.47785 NASA_m^2/g: 1.97376
Number_of_channels: 1 Channel_surface_area_A^2: 615.902  
Number_of_pockets: 2 Pocket_surface_area_A^2: 0.175662  0.136062  
