@ ./zeo_outputs/17181N2_ddec.cif.sa Unitcell_volume: 5720.38   Density: 0.571852   ASA_A^2: 1345 ASA_m^2/cm^3: 2351.25 ASA_m^2/g: 4111.64 NASA_A^2: 0.704924 NASA_m^2/cm^3: 1.2323 NASA_m^2/g: 2.15493
Number_of_channels: 1 Channel_surface_area_A^2: 1345  
Number_of_pockets: 4 Pocket_surface_area_A^2: 0.352167  0.231926  0.068031  0.0528002  
