@ ./zeo_outputs/17180N2_ddec.cif.vol Unitcell_volume: 5902.44   Density: 0.615116   AV_A^3: 2951.22 AV_Volume_fraction: 0.5 AV_cm^3/g: 0.812855 NAV_A^3: 0 NAV_Volume_fraction: 0 NAV_cm^3/g: 0
Number_of_channels: 1 Channel_volume_A^3: 2951.22  
Number_of_pockets: 20 Pocket_volume_A^3: 0  0  0  0  0  0  0  0  0  0  0  0  0  0  0  0  0  0  0  0  
