@ ./zeo_outputs/17180N2_ddec.cif.sa Unitcell_volume: 5902.44   Density: 0.615116   ASA_A^2: 1443.84 ASA_m^2/cm^3: 2446.18 ASA_m^2/g: 3976.78 NASA_A^2: 0.957662 NASA_m^2/cm^3: 1.62249 NASA_m^2/g: 2.63769
Number_of_channels: 1 Channel_surface_area_A^2: 1443.84  
Number_of_pockets: 20 Pocket_surface_area_A^2: 0.00986209  0  0.341595  0  0.0526249  0.186145  0.147231  0.031477  0.0253847  0  0.00101539  0.120697  0  0.0132  0.0101539  0  0.00913849  0.00913849  0  0  
