@ ./zeo_outputs/17220N2_ddec.cif.sa Unitcell_volume: 8904.24   Density: 0.573674   ASA_A^2: 2226.1 ASA_m^2/cm^3: 2500.04 ASA_m^2/g: 4357.95 NASA_A^2: 0.432865 NASA_m^2/cm^3: 0.486134 NASA_m^2/g: 0.847405
Number_of_channels: 1 Channel_surface_area_A^2: 2226.1  
Number_of_pockets: 9 Pocket_surface_area_A^2: 0.102433  0.0909623  0.136132  0  0.0931839  0  0.0081231  0.00203078  0  
