@ ./zeo_outputs/17240N3_ddec.cif.vol Unitcell_volume: 8822.5   Density: 0.434195   AV_A^3: 6115.76 AV_Volume_fraction: 0.6932 AV_cm^3/g: 1.59652 NAV_A^3: 0.17645 NAV_Volume_fraction: 2e-05 NAV_cm^3/g: 4.60623e-05
Number_of_channels: 1 Channel_volume_A^3: 6115.76  
Number_of_pockets: 5 Pocket_volume_A^3: 0  0  0  0  0.17645  
