@ ./zeo_outputs/17240N3_ddec.cif.sa Unitcell_volume: 8822.5   Density: 0.434195   ASA_A^2: 1785.43 ASA_m^2/cm^3: 2023.72 ASA_m^2/g: 4660.85 NASA_A^2: 2.50054 NASA_m^2/cm^3: 2.83427 NASA_m^2/g: 6.52766
Number_of_channels: 1 Channel_surface_area_A^2: 1785.43  
Number_of_pockets: 5 Pocket_surface_area_A^2: 0.0049562  1.22396  0  0.00609233  1.26553  
