@ ./zeo_outputs/17250N2_ddec.cif.sa Unitcell_volume: 5066.88   Density: 0.507876   ASA_A^2: 1054.64 ASA_m^2/cm^3: 2081.45 ASA_m^2/g: 4098.34 NASA_A^2: 1.60174 NASA_m^2/cm^3: 3.16121 NASA_m^2/g: 6.22437
Number_of_channels: 1 Channel_surface_area_A^2: 1054.64  
Number_of_pockets: 8 Pocket_surface_area_A^2: 0.0558463  0.584234  0.049754  0.00507694  0.0558463  0.66314  0.177693  0.0101539  
