@ ./zeo_outputs/18011N3_ddec.cif.sa Unitcell_volume: 3144.58   Density: 1.00443   ASA_A^2: 1422.74 ASA_m^2/cm^3: 4524.43 ASA_m^2/g: 4504.49 NASA_A^2: 0.856108 NASA_m^2/cm^3: 2.72249 NASA_m^2/g: 2.71049
Number_of_channels: 1 Channel_surface_area_A^2: 1422.74  
Number_of_pockets: 2 Pocket_surface_area_A^2: 0.580808  0.2753  
