@ ./zeo_outputs/18023N3_ddec.cif.sa Unitcell_volume: 3930.19   Density: 0.588891   ASA_A^2: 1238.23 ASA_m^2/cm^3: 3150.57 ASA_m^2/g: 5349.99 NASA_A^2: 0.278906 NASA_m^2/cm^3: 0.70965 NASA_m^2/g: 1.20506
Number_of_channels: 1 Channel_surface_area_A^2: 1238.23  
Number_of_pockets: 3 Pocket_surface_area_A^2: 0.0830396  0.0492409  0.146625  
