@ ./zeo_outputs/18023N3_ddec.cif.vol Unitcell_volume: 3930.19   Density: 0.588891   AV_A^3: 2289.65 AV_Volume_fraction: 0.58258 AV_cm^3/g: 0.989283 NAV_A^3: 0.0786037 NAV_Volume_fraction: 2e-05 NAV_cm^3/g: 3.39621e-05
Number_of_channels: 1 Channel_volume_A^3: 2289.65  
Number_of_pockets: 3 Pocket_volume_A^3: 0  0  0.0786037  
