@ ./zeo_outputs/18032N2_ddec.cif.sa Unitcell_volume: 10855   Density: 0.671482   ASA_A^2: 3463.47 ASA_m^2/cm^3: 3190.66 ASA_m^2/g: 4751.67 NASA_A^2: 1.56053 NASA_m^2/cm^3: 1.43761 NASA_m^2/g: 2.14096
Number_of_channels: 1 Channel_surface_area_A^2: 3463.47  
Number_of_pockets: 13 Pocket_surface_area_A^2: 0  0.0437413  0.0631545  0.0650741  0.0246301  0.0669142  0.131346  0.21702  0  0.257354  0.484464  0.185101  0.0217348  
