@ ./zeo_outputs/18032N2_ddec.cif.vol Unitcell_volume: 10855   Density: 0.671482   AV_A^3: 5729.28 AV_Volume_fraction: 0.5278 AV_cm^3/g: 0.786023 NAV_A^3: 0 NAV_Volume_fraction: 0 NAV_cm^3/g: 0
Number_of_channels: 1 Channel_volume_A^3: 5729.28  
Number_of_pockets: 13 Pocket_volume_A^3: 0  0  0  0  0  0  0  0  0  0  0  0  0  
