@ ./zeo_outputs/18041N3_ddec.cif.sa Unitcell_volume: 6932.55   Density: 1.14321   ASA_A^2: 3206.39 ASA_m^2/cm^3: 4625.12 ASA_m^2/g: 4045.74 NASA_A^2: 0.216095 NASA_m^2/cm^3: 0.311711 NASA_m^2/g: 0.272664
Number_of_channels: 1 Channel_surface_area_A^2: 3206.39  
Number_of_pockets: 5 Pocket_surface_area_A^2: 0.00147781  0.0134936  0.178345  0.0173601  0.00541862  
