@ ./zeo_outputs/18040N3_ddec.cif.sa Unitcell_volume: 6413.09   Density: 0.821216   ASA_A^2: 2390.14 ASA_m^2/cm^3: 3726.97 ASA_m^2/g: 4538.36 NASA_A^2: 0.0131385 NASA_m^2/cm^3: 0.020487 NASA_m^2/g: 0.0249472
Number_of_channels: 1 Channel_surface_area_A^2: 2390.14  
Number_of_pockets: 3 Pocket_surface_area_A^2: 0.0131385  0  0  
