@ ./zeo_outputs/18061N2_ddec.cif.sa Unitcell_volume: 5295.04   Density: 0.711981   ASA_A^2: 1637.82 ASA_m^2/cm^3: 3093.12 ASA_m^2/g: 4344.39 NASA_A^2: 0.568507 NASA_m^2/cm^3: 1.07366 NASA_m^2/g: 1.50799
Number_of_channels: 1 Channel_surface_area_A^2: 1637.82  
Number_of_pockets: 7 Pocket_surface_area_A^2: 0.0172616  0.0111693  0.50423  0.0284493  0.00147781  0.000869492  0.00505002  
