@ ./zeo_outputs/18060N2_ddec.cif.sa Unitcell_volume: 5812.79   Density: 0.655476   ASA_A^2: 1874.24 ASA_m^2/cm^3: 3224.34 ASA_m^2/g: 4919.09 NASA_A^2: 0.393488 NASA_m^2/cm^3: 0.676935 NASA_m^2/g: 1.03274
Number_of_channels: 1 Channel_surface_area_A^2: 1874.24  
Number_of_pockets: 7 Pocket_surface_area_A^2: 0  0  0.0099124  0.0192924  0  0.0099124  0.35437  
