@ ./zeo_outputs/18070N2_ddec.cif.sa Unitcell_volume: 9705.31   Density: 0.725586   ASA_A^2: 3390.81 ASA_m^2/cm^3: 3493.77 ASA_m^2/g: 4815.1 NASA_A^2: 0.755817 NASA_m^2/cm^3: 0.778767 NASA_m^2/g: 1.07329
Number_of_channels: 1 Channel_surface_area_A^2: 3390.81  
Number_of_pockets: 5 Pocket_surface_area_A^2: 0.121451  0.0262615  0.169019  0.389611  0.0494743  
