@ ./zeo_outputs/18083N2_ddec.cif.sa Unitcell_volume: 11800.9   Density: 0.589894   ASA_A^2: 3184.58 ASA_m^2/cm^3: 2698.6 ASA_m^2/g: 4574.72 NASA_A^2: 0.134331 NASA_m^2/cm^3: 0.113831 NASA_m^2/g: 0.192969
Number_of_channels: 1 Channel_surface_area_A^2: 3184.58  
Number_of_pockets: 10 Pocket_surface_area_A^2: 0.00147781  0  0.00147781  0.01136  0.0385038  0.0603292  0.00147781  0.00344821  0.00492602  0.0113298  
