@ ./zeo_outputs/18090N2_ddec.cif.sa Unitcell_volume: 13423.8   Density: 0.435094   ASA_A^2: 2444.29 ASA_m^2/cm^3: 1820.86 ASA_m^2/g: 4184.98 NASA_A^2: 7.40624 NASA_m^2/cm^3: 5.51723 NASA_m^2/g: 12.6806
Number_of_channels: 1 Channel_surface_area_A^2: 2444.29  
Number_of_pockets: 8 Pocket_surface_area_A^2: 1.35351  1.18496  1.23167  1.03773  1.26314  1.32508  0.00913849  0.00101539  
