@ ./zeo_outputs/18090N2_ddec.cif.vol Unitcell_volume: 13423.8   Density: 0.435094   AV_A^3: 9591.06 AV_Volume_fraction: 0.71448 AV_cm^3/g: 1.64213 NAV_A^3: 0.268477 NAV_Volume_fraction: 2e-05 NAV_cm^3/g: 4.59671e-05
Number_of_channels: 1 Channel_volume_A^3: 9591.06  
Number_of_pockets: 8 Pocket_volume_A^3: 0  0  0  0  0.268477  0  0  0  
