@ ./zeo_outputs/18101N2_ddec.cif.sa Unitcell_volume: 6890.03   Density: 0.451638   ASA_A^2: 1363.48 ASA_m^2/cm^3: 1978.92 ASA_m^2/g: 4381.66 NASA_A^2: 1.2133 NASA_m^2/cm^3: 1.76095 NASA_m^2/g: 3.89903
Number_of_channels: 1 Channel_surface_area_A^2: 1363.48  
Number_of_pockets: 1 Pocket_surface_area_A^2: 1.2133  
