@ ./zeo_outputs/18100N2_ddec.cif.sa Unitcell_volume: 8766.54   Density: 0.382264   ASA_A^2: 1513.56 ASA_m^2/cm^3: 1726.52 ASA_m^2/g: 4516.58 NASA_A^2: 0.605699 NASA_m^2/cm^3: 0.690922 NASA_m^2/g: 1.80745
Number_of_channels: 1 Channel_surface_area_A^2: 1513.56  
Number_of_pockets: 12 Pocket_surface_area_A^2: 0.175635  0.0101539  0.0362006  0  0  0.00203078  0.0953272  0  0.0426463  0.104025  0  0.139681  
