@ ./zeo_outputs/18111N2_ddec.cif.sa Unitcell_volume: 9231.15   Density: 0.635435   ASA_A^2: 2302.14 ASA_m^2/cm^3: 2493.89 ASA_m^2/g: 3924.69 NASA_A^2: 0.00304616 NASA_m^2/cm^3: 0.00329987 NASA_m^2/g: 0.0051931
Number_of_channels: 1 Channel_surface_area_A^2: 2302.14  
Number_of_pockets: 2 Pocket_surface_area_A^2: 0.00203078  0.00101539  
