@ ./zeo_outputs/18110N2_ddec.cif.sa Unitcell_volume: 9645.9   Density: 0.525343   ASA_A^2: 2369.52 ASA_m^2/cm^3: 2456.51 ASA_m^2/g: 4676.01 NASA_A^2: 0.190219 NASA_m^2/cm^3: 0.197202 NASA_m^2/g: 0.375378
Number_of_channels: 1 Channel_surface_area_A^2: 2369.52  
Number_of_pockets: 4 Pocket_surface_area_A^2: 0.0446771  0  0.00541862  0.140124  
