@ ./zeo_outputs/18112N2_ddec.cif.sa Unitcell_volume: 8709.99   Density: 0.624446   ASA_A^2: 2201.91 ASA_m^2/cm^3: 2528.03 ASA_m^2/g: 4048.44 NASA_A^2: 0.0202474 NASA_m^2/cm^3: 0.0232462 NASA_m^2/g: 0.0372269
Number_of_channels: 1 Channel_surface_area_A^2: 2201.91  
Number_of_pockets: 2 Pocket_surface_area_A^2: 0.018277  0.00197041  
