@ ./zeo_outputs/18121N3_ddec.cif.sa Unitcell_volume: 4876.66   Density: 0.992781   ASA_A^2: 1925.32 ASA_m^2/cm^3: 3948.02 ASA_m^2/g: 3976.73 NASA_A^2: 0.000869492 NASA_m^2/cm^3: 0.00178297 NASA_m^2/g: 0.00179593
Number_of_channels: 1 Channel_surface_area_A^2: 1925.32  
Number_of_pockets: 4 Pocket_surface_area_A^2: 0  0  0  0.000869492  
