@ ./zeo_outputs/18122N3_ddec.cif.sa Unitcell_volume: 6227.78   Density: 0.93972   ASA_A^2: 2189.34 ASA_m^2/cm^3: 3515.45 ASA_m^2/g: 3740.95 NASA_A^2: 1.87542 NASA_m^2/cm^3: 3.01138 NASA_m^2/g: 3.20455
Number_of_channels: 1 Channel_surface_area_A^2: 2189.34  
Number_of_pockets: 8 Pocket_surface_area_A^2: 0.47114  0  0.0121847  0.00304616  0.522925  0.412247  0.262985  0.190893  
