@ ./zeo_outputs/18130N3_ddec.cif.sa Unitcell_volume: 5166.22   Density: 0.741461   ASA_A^2: 1859.83 ASA_m^2/cm^3: 3599.99 ASA_m^2/g: 4855.26 NASA_A^2: 0.00788163 NASA_m^2/cm^3: 0.0152561 NASA_m^2/g: 0.0205757
Number_of_channels: 1 Channel_surface_area_A^2: 1859.83  
Number_of_pockets: 5 Pocket_surface_area_A^2: 0  0.00147781  0.00541862  0.000985203  0  
