@ ./zeo_outputs/18134N3_ddec.cif.sa Unitcell_volume: 5484.97   Density: 0.58135   ASA_A^2: 1663.79 ASA_m^2/cm^3: 3033.37 ASA_m^2/g: 5217.8 NASA_A^2: 0.0126169 NASA_m^2/cm^3: 0.0230026 NASA_m^2/g: 0.0395676
Number_of_channels: 1 Channel_surface_area_A^2: 1663.79  
Number_of_pockets: 3 Pocket_surface_area_A^2: 0  0.0126169  0  
