@ ./zeo_outputs/18141N2_ddec.cif.sa Unitcell_volume: 4904.99   Density: 0.49422   ASA_A^2: 1173.28 ASA_m^2/cm^3: 2392 ASA_m^2/g: 4839.96 NASA_A^2: 0.0274155 NASA_m^2/cm^3: 0.055893 NASA_m^2/g: 0.113093
Number_of_channels: 1 Channel_surface_area_A^2: 1173.28  
Number_of_pockets: 1 Pocket_surface_area_A^2: 0.0274155  
