@ ./zeo_outputs/18151N2_ddec.cif.vol Unitcell_volume: 4683.48   Density: 0.755579   AV_A^3: 2695.44 AV_Volume_fraction: 0.57552 AV_cm^3/g: 0.761694 NAV_A^3: 0.0936696 NAV_Volume_fraction: 2e-05 NAV_cm^3/g: 2.64698e-05
Number_of_channels: 1 Channel_volume_A^3: 2695.44  
Number_of_pockets: 17 Pocket_volume_A^3: 0  0  0  0  0.0936696  0  0  0  0  0  0  0  0  0  0  0  0  
