@ ./zeo_outputs/18151N2_ddec.cif.sa Unitcell_volume: 4683.48   Density: 0.755579   ASA_A^2: 1064.88 ASA_m^2/cm^3: 2273.7 ASA_m^2/g: 3009.22 NASA_A^2: 0.692107 NASA_m^2/cm^3: 1.47776 NASA_m^2/g: 1.9558
Number_of_channels: 1 Channel_surface_area_A^2: 1064.88  
Number_of_pockets: 17 Pocket_surface_area_A^2: 0  0.0603105  0.0498985  0  0.153528  0.0162462  0.0203078  0.106572  0.0741233  0  0.0873234  0.0772355  0  0.0203078  0.0081231  0.0142154  0.00391566  
