@ ./zeo_outputs/18151N2_ddec.cif.vol Unitcell_volume: 4683.48   Density: 0.755579   AV_A^3: 2341.74 AV_Volume_fraction: 0.5 AV_cm^3/g: 0.661744 NAV_A^3: 0 NAV_Volume_fraction: 0 NAV_cm^3/g: 0
Number_of_channels: 1 Channel_volume_A^3: 2341.74  
Number_of_pockets: 17 Pocket_volume_A^3: 0  0  0  0  0  0  0  0  0  0  0  0  0  0  0  0  0  
