@ ./zeo_outputs/18150N2_ddec.cif.sa Unitcell_volume: 3154.66   Density: 0.880351   ASA_A^2: 918.891 ASA_m^2/cm^3: 2912.8 ASA_m^2/g: 3308.68 NASA_A^2: 0.282889 NASA_m^2/cm^3: 0.896734 NASA_m^2/g: 1.01861
Number_of_channels: 1 Channel_surface_area_A^2: 918.891  
Number_of_pockets: 6 Pocket_surface_area_A^2: 0.00710772  0.0548309  0.213843  0  0  0.00710772  
