@ ./zeo_outputs/18161N2_ddec.cif.sa Unitcell_volume: 3629.73   Density: 0.717263   ASA_A^2: 865.683 ASA_m^2/cm^3: 2384.98 ASA_m^2/g: 3325.11 NASA_A^2: 2.12469 NASA_m^2/cm^3: 5.85356 NASA_m^2/g: 8.16097
Number_of_channels: 1 Channel_surface_area_A^2: 865.683  
Number_of_pockets: 10 Pocket_surface_area_A^2: 0.832275  0.121847  0.205314  0.0081231  0.00710772  0.107631  0.817004  0.0142154  0.0111693  0  
