@ ./zeo_outputs/19030N2_ddec.cif.vol Unitcell_volume: 4981.03   Density: 0.990703   AV_A^3: 2988.62 AV_Volume_fraction: 0.6 AV_cm^3/g: 0.605631 NAV_A^3: 0 NAV_Volume_fraction: 0 NAV_cm^3/g: 0
Number_of_channels: 1 Channel_volume_A^3: 2988.62  
Number_of_pockets: 16 Pocket_volume_A^3: 0  0  0  0  0  0  0  0  0  0  0  0  0  0  0  0  
