@ ./zeo_outputs/19030N2_ddec.cif.vol Unitcell_volume: 4981.03   Density: 0.990703   AV_A^3: 2207.69 AV_Volume_fraction: 0.44322 AV_cm^3/g: 0.447379 NAV_A^3: 0.199241 NAV_Volume_fraction: 4e-05 NAV_cm^3/g: 4.03754e-05
Number_of_channels: 1 Channel_volume_A^3: 2207.69  
Number_of_pockets: 16 Pocket_volume_A^3: 0  0  0  0  0  0  0  0  0  0  0.199241  0  0  0  0  0  
