@ ./zeo_outputs/19030N2_ddec.cif.sa Unitcell_volume: 4981.03   Density: 0.990703   ASA_A^2: 1544.9 ASA_m^2/cm^3: 3101.56 ASA_m^2/g: 3130.67 NASA_A^2: 5.89277 NASA_m^2/cm^3: 11.8304 NASA_m^2/g: 11.9415
Number_of_channels: 1 Channel_surface_area_A^2: 1544.9  
Number_of_pockets: 16 Pocket_surface_area_A^2: 0.683266  0.0253847  0.613954  0.59889  0  0.00782543  1.23079  0.291568  0.0100021  0.760512  0.507101  1.04919  0.0174928  0.0142154  0.0710772  0.0115051  
