@ ./zeo_outputs/19041N2_ddec.cif.sa Unitcell_volume: 8247.43   Density: 0.521034   ASA_A^2: 1656.57 ASA_m^2/cm^3: 2008.59 ASA_m^2/g: 3855 NASA_A^2: 0.430524 NASA_m^2/cm^3: 0.52201 NASA_m^2/g: 1.00187
Number_of_channels: 1 Channel_surface_area_A^2: 1656.57  
Number_of_pockets: 7 Pocket_surface_area_A^2: 0.00710772  0  0.00203078  0.310709  0.101539  0.0081231  0.00101539  
