@ ./zeo_outputs/19050N2_ddec.cif.sa Unitcell_volume: 10290.8   Density: 0.381925   ASA_A^2: 1582.56 ASA_m^2/cm^3: 1537.84 ASA_m^2/g: 4026.54 NASA_A^2: 0.018277 NASA_m^2/cm^3: 0.0177605 NASA_m^2/g: 0.0465026
Number_of_channels: 1 Channel_surface_area_A^2: 1582.56  
Number_of_pockets: 4 Pocket_surface_area_A^2: 0  0  0.018277  0  
