@ ./zeo_outputs/19051N2_ddec.cif.sa Unitcell_volume: 10532.1   Density: 0.3959   ASA_A^2: 1705.8 ASA_m^2/cm^3: 1619.62 ASA_m^2/g: 4090.99 NASA_A^2: 0.588544 NASA_m^2/cm^3: 0.55881 NASA_m^2/g: 1.41149
Number_of_channels: 1 Channel_surface_area_A^2: 1705.8  
Number_of_pockets: 8 Pocket_surface_area_A^2: 0.0852926  0.223058  0.114581  0.0609233  0  0  0.0984926  0.00619587  
