@ ./zeo_outputs/19060N2_ddec.cif.sa Unitcell_volume: 4518.7   Density: 0.604869   ASA_A^2: 1192.72 ASA_m^2/cm^3: 2639.53 ASA_m^2/g: 4363.81 NASA_A^2: 0.15836 NASA_m^2/cm^3: 0.350455 NASA_m^2/g: 0.579389
Number_of_channels: 1 Channel_surface_area_A^2: 1192.72  
Number_of_pockets: 13 Pocket_surface_area_A^2: 0  0.0101539  0  0.0558463  0.00710772  0.000985203  0  0  0  0.00814281  0.0690162  0  0.00710772  
