@ ./zeo_outputs/19061N2_ddec.cif.sa Unitcell_volume: 4666.44   Density: 0.560088   ASA_A^2: 1208.02 ASA_m^2/cm^3: 2588.74 ASA_m^2/g: 4622.03 NASA_A^2: 0.0238465 NASA_m^2/cm^3: 0.0511021 NASA_m^2/g: 0.0912395
Number_of_channels: 1 Channel_surface_area_A^2: 1208.02  
Number_of_pockets: 2 Pocket_surface_area_A^2: 0.000492602  0.0233539  
