@ ./zeo_outputs/19060N2_ddec.cif.vol Unitcell_volume: 4518.7   Density: 0.604869   AV_A^3: 2645.88 AV_Volume_fraction: 0.58554 AV_cm^3/g: 0.968044 NAV_A^3: 0 NAV_Volume_fraction: 0 NAV_cm^3/g: 0
Number_of_channels: 1 Channel_volume_A^3: 2645.88  
Number_of_pockets: 13 Pocket_volume_A^3: 0  0  0  0  0  0  0  0  0  0  0  0  0  
