@ ./zeo_outputs/19070N2_ddec.cif.sa Unitcell_volume: 8583.52   Density: 0.455449   ASA_A^2: 1450.34 ASA_m^2/cm^3: 1689.67 ASA_m^2/g: 3709.91 NASA_A^2: 2.18317 NASA_m^2/cm^3: 2.54345 NASA_m^2/g: 5.58449
Number_of_channels: 1 Channel_surface_area_A^2: 1450.34  
Number_of_pockets: 15 Pocket_surface_area_A^2: 0.0792003  0.00275437  0.018277  0.0121847  0.0507694  0  0  0  0.0162462  0.00101539  0.0162462  0.28412  0.141139  0.699823  0.861398  
