@ ./zeo_outputs/19070N2_ddec.cif.vol Unitcell_volume: 8583.52   Density: 0.455449   AV_A^3: 6194.73 AV_Volume_fraction: 0.7217 AV_cm^3/g: 1.58459 NAV_A^3: 0.17167 NAV_Volume_fraction: 2e-05 NAV_cm^3/g: 4.39127e-05
Number_of_channels: 1 Channel_volume_A^3: 6194.73  
Number_of_pockets: 15 Pocket_volume_A^3: 0  0  0  0  0  0  0  0  0  0  0  0  0  0  0.17167  
