@ ./zeo_outputs/19080N2_ddec.cif.sa Unitcell_volume: 5646.65   Density: 0.575762   ASA_A^2: 1449.4 ASA_m^2/cm^3: 2566.82 ASA_m^2/g: 4458.14 NASA_A^2: 0.147904 NASA_m^2/cm^3: 0.261933 NASA_m^2/g: 0.454932
Number_of_channels: 1 Channel_surface_area_A^2: 1449.4  
Number_of_pockets: 5 Pocket_surface_area_A^2: 0.0886301  0.00101539  0.0253847  0.00101539  0.0318585  
