@ ./zeo_outputs/19090N2_ddec.cif.sa Unitcell_volume: 7430.24   Density: 0.485873   ASA_A^2: 1337.59 ASA_m^2/cm^3: 1800.19 ASA_m^2/g: 3705.06 NASA_A^2: 1.15401 NASA_m^2/cm^3: 1.55313 NASA_m^2/g: 3.19657
Number_of_channels: 1 Channel_surface_area_A^2: 1337.59  
Number_of_pockets: 5 Pocket_surface_area_A^2: 0.582683  0.476897  0.0355386  0.0223385  0.036554  
