@ ./zeo_outputs/19101N2_ddec.cif.sa Unitcell_volume: 3636.33   Density: 0.784279   ASA_A^2: 738.151 ASA_m^2/cm^3: 2029.93 ASA_m^2/g: 2588.28 NASA_A^2: 0.775514 NASA_m^2/cm^3: 2.13268 NASA_m^2/g: 2.71929
Number_of_channels: 1 Channel_surface_area_A^2: 738.151  
Number_of_pockets: 29 Pocket_surface_area_A^2: 0.083756  0.0500745  0.00304616  0.0847445  0.00203078  0.0878176  0.00507694  0.0243693  0.0487386  0.0162462  0  0.0132  0.0243693  0.152401  0  0.176597  0  0  0  0  0.00101539  0  0  0  0  0  0.00101539  0.00101539  0  
