@ ./zeo_outputs/19101N2_ddec.cif.vol Unitcell_volume: 3636.33   Density: 0.784279   AV_A^3: 1818.16 AV_Volume_fraction: 0.5 AV_cm^3/g: 0.637528 NAV_A^3: 0 NAV_Volume_fraction: 0 NAV_cm^3/g: 0
Number_of_channels: 1 Channel_volume_A^3: 1818.16  
Number_of_pockets: 29 Pocket_volume_A^3: 0  0  0  0  0  0  0  0  0  0  0  0  0  0  0  0  0  0  0  0  0  0  0  0  0  0  0  0  0  
