@ ./zeo_outputs/19102N2_ddec.cif.sa Unitcell_volume: 5883.65   Density: 0.600086   ASA_A^2: 1087.39 ASA_m^2/cm^3: 1848.15 ASA_m^2/g: 3079.81 NASA_A^2: 5.03001 NASA_m^2/cm^3: 8.54915 NASA_m^2/g: 14.2465
Number_of_channels: 1 Channel_surface_area_A^2: 1087.39  
Number_of_pockets: 33 Pocket_surface_area_A^2: 0.018277  0.0994786  0.00290027  0  0  0.0406155  0.0294462  0.00304616  0.0396001  0.048581  0.0271178  0.0822464  0.00609233  0.0842772  0.216278  0.120831  0.621977  0.746876  0.0081231  0  0  0.0324924  0.068031  0.223817  0.00101539  0.0326207  0.110344  0.0243693  0  0.60314  0.899581  0.827669  0.0111693  
