@ ./zeo_outputs/19101N2_ddec.cif.vol Unitcell_volume: 3636.33   Density: 0.784279   AV_A^3: 2060.56 AV_Volume_fraction: 0.56666 AV_cm^3/g: 0.722523 NAV_A^3: 0 NAV_Volume_fraction: 0 NAV_cm^3/g: 0
Number_of_channels: 1 Channel_volume_A^3: 2060.56  
Number_of_pockets: 29 Pocket_volume_A^3: 0  0  0  0  0  0  0  0  0  0  0  0  0  0  0  0  0  0  0  0  0  0  0  0  0  0  0  0  0  
