@ ./zeo_outputs/19110N2_ddec.cif.vol Unitcell_volume: 8731.97   Density: 0.418042   AV_A^3: 6313.39 AV_Volume_fraction: 0.72302 AV_cm^3/g: 1.72954 NAV_A^3: 0 NAV_Volume_fraction: 0 NAV_cm^3/g: 0
Number_of_channels: 1 Channel_volume_A^3: 6313.39  
Number_of_pockets: 13 Pocket_volume_A^3: 0  0  0  0  0  0  0  0  0  0  0  0  0  
