@ ./zeo_outputs/19110N2_ddec.cif.sa Unitcell_volume: 8731.97   Density: 0.418042   ASA_A^2: 1629.3 ASA_m^2/cm^3: 1865.91 ASA_m^2/g: 4463.45 NASA_A^2: 0.671171 NASA_m^2/cm^3: 0.768637 NASA_m^2/g: 1.83866
Number_of_channels: 1 Channel_surface_area_A^2: 1629.3  
Number_of_pockets: 13 Pocket_surface_area_A^2: 0.00203078  0  0  0  0  0  0.224401  0.424432  0.00507694  0  0.0152308  0  0  
