@ ./zeo_outputs/19122N2_ddec.cif.sa Unitcell_volume: 5061.15   Density: 0.642369   ASA_A^2: 1228.5 ASA_m^2/cm^3: 2427.32 ASA_m^2/g: 3778.7 NASA_A^2: 1.84308 NASA_m^2/cm^3: 3.64163 NASA_m^2/g: 5.66907
Number_of_channels: 1 Channel_surface_area_A^2: 1228.5  
Number_of_pockets: 6 Pocket_surface_area_A^2: 0.00101539  0.00101539  0.042003  0.0337168  1.76533  0  
