@ ./zeo_outputs/19120N2_ddec.cif.sa Unitcell_volume: 5076.42   Density: 0.585376   ASA_A^2: 1198.49 ASA_m^2/cm^3: 2360.89 ASA_m^2/g: 4033.13 NASA_A^2: 0.0278414 NASA_m^2/cm^3: 0.0548445 NASA_m^2/g: 0.0936912
Number_of_channels: 1 Channel_surface_area_A^2: 1198.49  
Number_of_pockets: 2 Pocket_surface_area_A^2: 0.0278414  0  
