@ ./zeo_outputs/19122N2_ddec.cif.vol Unitcell_volume: 5061.15   Density: 0.642369   AV_A^3: 3010.47 AV_Volume_fraction: 0.59482 AV_cm^3/g: 0.925979 NAV_A^3: 0.101223 NAV_Volume_fraction: 2e-05 NAV_cm^3/g: 3.11348e-05
Number_of_channels: 1 Channel_volume_A^3: 3010.47  
Number_of_pockets: 6 Pocket_volume_A^3: 0  0  0  0  0.101223  0  
