@ ./zeo_outputs/19130N2_ddec.cif.sa Unitcell_volume: 11159.7   Density: 0.575613   ASA_A^2: 2684.03 ASA_m^2/cm^3: 2405.1 ASA_m^2/g: 4178.34 NASA_A^2: 0.0278779 NASA_m^2/cm^3: 0.0249808 NASA_m^2/g: 0.0433986
Number_of_channels: 1 Channel_surface_area_A^2: 2684.03  
Number_of_pockets: 4 Pocket_surface_area_A^2: 0.000492602  0.000985203  0  0.0264001  
