@ ./zeo_outputs/19142N2_ddec.cif.vol Unitcell_volume: 6213.44   Density: 0.667606   AV_A^3: 3942.06 AV_Volume_fraction: 0.63444 AV_cm^3/g: 0.950321 NAV_A^3: 0 NAV_Volume_fraction: 0 NAV_cm^3/g: 0
Number_of_channels: 1 Channel_volume_A^3: 3942.06  
Number_of_pockets: 12 Pocket_volume_A^3: 0  0  0  0  0  0  0  0  0  0  0  0  
