@ ./zeo_outputs/19142N2_ddec.cif.sa Unitcell_volume: 6213.44   Density: 0.667606   ASA_A^2: 1070.44 ASA_m^2/cm^3: 1722.78 ASA_m^2/g: 2580.53 NASA_A^2: 0.775852 NASA_m^2/cm^3: 1.24867 NASA_m^2/g: 1.87036
Number_of_channels: 1 Channel_surface_area_A^2: 1070.44  
Number_of_pockets: 12 Pocket_surface_area_A^2: 0.0571945  0.00203078  0.40778  0  0  0.178598  0  0  0.125025  0.00522374  0  0  
