@ ./zeo_outputs/19144N2_ddec.cif.sa Unitcell_volume: 3716.12   Density: 1.00342   ASA_A^2: 991.875 ASA_m^2/cm^3: 2669.12 ASA_m^2/g: 2660.01 NASA_A^2: 2.02285 NASA_m^2/cm^3: 5.44346 NASA_m^2/g: 5.42489
Number_of_channels: 1 Channel_surface_area_A^2: 991.875  
Number_of_pockets: 12 Pocket_surface_area_A^2: 0.0047295  0.0139879  0.444277  0.0338944  0  0.00101539  0.0349367  0.00304616  0  0.377798  1.10714  0.00203078  
