@ ./zeo_outputs/19150N2_ddec.cif.sa Unitcell_volume: 674.621   Density: 1.38933   ASA_A^2: 240.189 ASA_m^2/cm^3: 3560.35 ASA_m^2/g: 2562.64 NASA_A^2: 0.0224247 NASA_m^2/cm^3: 0.332404 NASA_m^2/g: 0.239255
Number_of_channels: 1 Channel_surface_area_A^2: 240.189  
Number_of_pockets: 4 Pocket_surface_area_A^2: 0.00792247  0.011602  0.00203078  0.000869492  
