@ ./zeo_outputs/19170N2_ddec.cif.sa Unitcell_volume: 12913.5   Density: 0.583714   ASA_A^2: 3343.17 ASA_m^2/cm^3: 2588.9 ASA_m^2/g: 4435.22 NASA_A^2: 5.03852 NASA_m^2/cm^3: 3.90175 NASA_m^2/g: 6.68435
Number_of_channels: 1 Channel_surface_area_A^2: 3343.17  
Number_of_pockets: 16 Pocket_surface_area_A^2: 0.567614  0  0.0264001  0  0.208945  0.218752  0  0  0.751661  1.59515  0.498751  0.00443342  0.545757  0.00492602  0.564222  0.0519105  
