@ ./zeo_outputs/19170N2_ddec.cif.vol Unitcell_volume: 12913.5   Density: 0.583714   AV_A^3: 7837.98 AV_Volume_fraction: 0.60696 AV_cm^3/g: 1.03983 NAV_A^3: 0.25827 NAV_Volume_fraction: 2e-05 NAV_cm^3/g: 3.42634e-05
Number_of_channels: 1 Channel_volume_A^3: 7837.98  
Number_of_pockets: 16 Pocket_volume_A^3: 0  0  0  0  0  0  0  0  0  0  0  0  0.25827  0  0  0  
