@ ./zeo_outputs/19181N2_ddec.cif.sa Unitcell_volume: 6138.08   Density: 0.471181   ASA_A^2: 1210.77 ASA_m^2/cm^3: 1972.56 ASA_m^2/g: 4186.42 NASA_A^2: 0.086308 NASA_m^2/cm^3: 0.140611 NASA_m^2/g: 0.298422
Number_of_channels: 1 Channel_surface_area_A^2: 1210.77  
Number_of_pockets: 3 Pocket_surface_area_A^2: 0.0710772  0.00203078  0.0132  
