@ ./zeo_outputs/19182N2_ddec.cif.sa Unitcell_volume: 12493.7   Density: 0.360794   ASA_A^2: 1775.57 ASA_m^2/cm^3: 1421.17 ASA_m^2/g: 3939 NASA_A^2: 0.402033 NASA_m^2/cm^3: 0.321788 NASA_m^2/g: 0.891888
Number_of_channels: 1 Channel_surface_area_A^2: 1775.57  
Number_of_pockets: 8 Pocket_surface_area_A^2: 0.00197041  0  0  0.191908  0.208155  0  0  0  
