@ ./zeo_outputs/19180N2_ddec.cif.sa Unitcell_volume: 9155.51   Density: 0.398703   ASA_A^2: 1553.72 ASA_m^2/cm^3: 1697.03 ASA_m^2/g: 4256.37 NASA_A^2: 0.580739 NASA_m^2/cm^3: 0.634306 NASA_m^2/g: 1.59092
Number_of_channels: 1 Channel_surface_area_A^2: 1553.72  
Number_of_pockets: 11 Pocket_surface_area_A^2: 0.0731079  0  0.0203078  0  0.00304616  0.0658265  0.200253  0.0213231  0.181644  0.0142154  0.00101539  
