@ ./zeo_outputs/19191N2_ddec.cif.sa Unitcell_volume: 14445.3   Density: 0.862786   ASA_A^2: 6572.68 ASA_m^2/cm^3: 4550.06 ASA_m^2/g: 5273.68 NASA_A^2: 6.98688 NASA_m^2/cm^3: 4.8368 NASA_m^2/g: 5.60603
Number_of_channels: 1 Channel_surface_area_A^2: 6572.68  
Number_of_pockets: 3 Pocket_surface_area_A^2: 2.42068  2.03078  2.53542  
