@ ./zeo_outputs/19220N2_ddec.cif.sa Unitcell_volume: 11801.8   Density: 0.343161   ASA_A^2: 1763.98 ASA_m^2/cm^3: 1494.67 ASA_m^2/g: 4355.58 NASA_A^2: 1.07019 NASA_m^2/cm^3: 0.906797 NASA_m^2/g: 2.64248
Number_of_channels: 1 Channel_surface_area_A^2: 1763.98  
Number_of_pockets: 6 Pocket_surface_area_A^2: 0  0.993049  0.0213231  0.0507694  0.00406155  0.000985203  
