@ ./zeo_outputs/19230N2_ddec.cif.vol Unitcell_volume: 16029.7   Density: 0.511933   AV_A^3: 4808.92 AV_Volume_fraction: 0.3 AV_cm^3/g: 0.586015 NAV_A^3: 0 NAV_Volume_fraction: 0 NAV_cm^3/g: 0
Number_of_channels: 1 Channel_volume_A^3: 4808.92  
Number_of_pockets: 30 Pocket_volume_A^3: 0  0  0  0  0  0  0  0  0  0  0  0  0  0  0  0  0  0  0  0  0  0  0  0  0  0  0  0  0  0  
