@ ./zeo_outputs/19230N2_ddec.cif.sa Unitcell_volume: 16029.7   Density: 0.511933   ASA_A^2: 3333.4 ASA_m^2/cm^3: 2079.51 ASA_m^2/g: 4062.08 NASA_A^2: 10.5287 NASA_m^2/cm^3: 6.56823 NASA_m^2/g: 12.8303
Number_of_channels: 1 Channel_surface_area_A^2: 3333.4  
Number_of_pockets: 30 Pocket_surface_area_A^2: 0.723312  0.298524  0.270093  0.259939  0  0  0.00101539  0.00609233  0.0081231  0  0  0  0.00609233  0.00101539  1.3789  0.487764  0.623483  0.0106465  0  1.13529  0  0  0.0426463  1.92518  0.355386  0.018277  1.62361  0.628178  0.725143  0  
