@ ./zeo_outputs/19241N3_ddec.cif.sa Unitcell_volume: 5738.99   Density: 0.961818   ASA_A^2: 2731.79 ASA_m^2/cm^3: 4760.06 ASA_m^2/g: 4949.02 NASA_A^2: 0.0411274 NASA_m^2/cm^3: 0.0716632 NASA_m^2/g: 0.074508
Number_of_channels: 1 Channel_surface_area_A^2: 2731.79  
Number_of_pockets: 3 Pocket_surface_area_A^2: 0.00101539  0.0178242  0.0222878  
