@ ./zeo_outputs/19252N3_ddec.cif.sa Unitcell_volume: 10962.2   Density: 1.02884   ASA_A^2: 5320.94 ASA_m^2/cm^3: 4853.88 ASA_m^2/g: 4717.8 NASA_A^2: 0.0208402 NASA_m^2/cm^3: 0.0190109 NASA_m^2/g: 0.0184779
Number_of_channels: 1 Channel_surface_area_A^2: 5320.94  
Number_of_pockets: 2 Pocket_surface_area_A^2: 0.0203476  0.000492602  
