@ ./zeo_outputs/19251N3_ddec.cif.sa Unitcell_volume: 9885.68   Density: 1.33281   ASA_A^2: 4788.13 ASA_m^2/cm^3: 4843.5 ASA_m^2/g: 3634.05 NASA_A^2: 0.0116317 NASA_m^2/cm^3: 0.0117662 NASA_m^2/g: 0.00882812
Number_of_channels: 1 Channel_surface_area_A^2: 4788.13  
Number_of_pockets: 6 Pocket_surface_area_A^2: 0.00406155  0.000492602  0.000985203  0.00507694  0  0.00101539  
