@ ./zeo_outputs/19253N3_ddec.cif.sa Unitcell_volume: 10360.1   Density: 1.25116   ASA_A^2: 5035.8 ASA_m^2/cm^3: 4860.75 ASA_m^2/g: 3885 NASA_A^2: 0.026691 NASA_m^2/cm^3: 0.0257632 NASA_m^2/g: 0.0205915
Number_of_channels: 1 Channel_surface_area_A^2: 5035.8  
Number_of_pockets: 11 Pocket_surface_area_A^2: 0.000492602  0.00197041  0  0  0.000492602  0  0.00788163  0  0.014376  0.000985203  0.000492602  
