@ ./zeo_outputs/19250N3_ddec.cif.sa Unitcell_volume: 10844.5   Density: 1.0597   ASA_A^2: 5421.91 ASA_m^2/cm^3: 4999.68 ASA_m^2/g: 4718 NASA_A^2: 0.129012 NASA_m^2/cm^3: 0.118965 NASA_m^2/g: 0.112263
Number_of_channels: 1 Channel_surface_area_A^2: 5421.91  
Number_of_pockets: 5 Pocket_surface_area_A^2: 0  0  0  0  0.129012  
