@ ./zeo_outputs/19260N2_ddec.cif.sa Unitcell_volume: 2016.45   Density: 0.840886   ASA_A^2: 631.232 ASA_m^2/cm^3: 3130.4 ASA_m^2/g: 3722.74 NASA_A^2: 0.175662 NASA_m^2/cm^3: 0.871143 NASA_m^2/g: 1.03598
Number_of_channels: 1 Channel_surface_area_A^2: 631.232  
Number_of_pockets: 6 Pocket_surface_area_A^2: 0.0700618  0.0538156  0  0  0.00913849  0.0426463  
