@ ./zeo_outputs/19282N2_ddec.cif.vol Unitcell_volume: 16847.8   Density: 0.542251   AV_A^3: 8423.91 AV_Volume_fraction: 0.5 AV_cm^3/g: 0.922082 NAV_A^3: 0 NAV_Volume_fraction: 0 NAV_cm^3/g: 0
Number_of_channels: 1 Channel_volume_A^3: 8423.91  
Number_of_pockets: 16 Pocket_volume_A^3: 0  0  0  0  0  0  0  0  0  0  0  0  0  0  0  0  
