@ ./zeo_outputs/19281N2_ddec.cif.sa Unitcell_volume: 14579.1   Density: 0.550067   ASA_A^2: 3128.27 ASA_m^2/cm^3: 2145.73 ASA_m^2/g: 3900.85 NASA_A^2: 1.05818 NASA_m^2/cm^3: 0.725821 NASA_m^2/g: 1.31952
Number_of_channels: 1 Channel_surface_area_A^2: 3128.27  
Number_of_pockets: 26 Pocket_surface_area_A^2: 0  0.00101539  0.00304616  0.0406155  0.10357  0.0812823  0.232866  0  0.24877  0  0.0436617  0.0345232  0  0.0081231  0.0340615  0.0988191  0.0663859  0.000985203  0.0044636  0.00609233  0.00507694  0.00609233  0  0.020802  0.0179295  0  
