@ ./zeo_outputs/19281N2_ddec.cif.vol Unitcell_volume: 14579.1   Density: 0.550067   AV_A^3: 9306.41 AV_Volume_fraction: 0.63834 AV_cm^3/g: 1.16048 NAV_A^3: 0 NAV_Volume_fraction: 0 NAV_cm^3/g: 0
Number_of_channels: 1 Channel_volume_A^3: 9306.41  
Number_of_pockets: 26 Pocket_volume_A^3: 0  0  0  0  0  0  0  0  0  0  0  0  0  0  0  0  0  0  0  0  0  0  0  0  0  0  
