@ ./zeo_outputs/19282N2_ddec.cif.vol Unitcell_volume: 16847.8   Density: 0.542251   AV_A^3: 11013.4 AV_Volume_fraction: 0.6537 AV_cm^3/g: 1.20553 NAV_A^3: 1.01087 NAV_Volume_fraction: 6e-05 NAV_cm^3/g: 0.00011065
Number_of_channels: 1 Channel_volume_A^3: 11013.4  
Number_of_pockets: 16 Pocket_volume_A^3: 0  0  0  0  0  0  0  0  0  0  0  0  0  0.336956  0.336956  0.336956  
