@ ./zeo_outputs/19280N2_ddec.cif.sa Unitcell_volume: 15184.4   Density: 0.564953   ASA_A^2: 3570.44 ASA_m^2/cm^3: 2351.39 ASA_m^2/g: 4162.09 NASA_A^2: 3.52504 NASA_m^2/cm^3: 2.32148 NASA_m^2/g: 4.10916
Number_of_channels: 1 Channel_surface_area_A^2: 3570.44  
Number_of_pockets: 29 Pocket_surface_area_A^2: 0.0436617  0.144185  0.0822464  0.0240219  0.0471482  0  0  0.262985  0.247696  0.193939  0.0588925  0.591697  0  0.880876  0  0.298612  0.535674  0  0.000985203  0  0.0223385  0.0100331  0.0578771  0  0  0.0201967  0  0.00197041  0  
