@ ./zeo_outputs/19280N2_ddec.cif.vol Unitcell_volume: 15184.4   Density: 0.564953   AV_A^3: 7592.21 AV_Volume_fraction: 0.5 AV_cm^3/g: 0.88503 NAV_A^3: 0 NAV_Volume_fraction: 0 NAV_cm^3/g: 0
Number_of_channels: 1 Channel_volume_A^3: 7592.21  
Number_of_pockets: 29 Pocket_volume_A^3: 0  0  0  0  0  0  0  0  0  0  0  0  0  0  0  0  0  0  0  0  0  0  0  0  0  0  0  0  0  
