@ ./zeo_outputs/19282N2_ddec.cif.sa Unitcell_volume: 16847.8   Density: 0.542251   ASA_A^2: 3838.88 ASA_m^2/cm^3: 2278.56 ASA_m^2/g: 4202.04 NASA_A^2: 13.2709 NASA_m^2/cm^3: 7.8769 NASA_m^2/g: 14.5263
Number_of_channels: 1 Channel_surface_area_A^2: 3838.88  
Number_of_pockets: 16 Pocket_surface_area_A^2: 0.00443342  1.36512  0.0168194  1.54735  1.31075  1.50828  0  0.00136209  1.45391  0.00295561  1.54637  0  0.0166483  1.45784  1.43934  1.59969  
