@ ./zeo_outputs/19283N2_ddec.cif.sa Unitcell_volume: 17205.4   Density: 0.568196   ASA_A^2: 4230.83 ASA_m^2/cm^3: 2459.01 ASA_m^2/g: 4327.75 NASA_A^2: 0.00964492 NASA_m^2/cm^3: 0.00560574 NASA_m^2/g: 0.00986585
Number_of_channels: 1 Channel_surface_area_A^2: 4230.83  
Number_of_pockets: 8 Pocket_surface_area_A^2: 0.00581981  0  0  0.00136209  0.00197041  0  0  0.000492602  
