@ ./zeo_outputs/19292N2_ddec.cif.sa Unitcell_volume: 18124.1   Density: 0.664142   ASA_A^2: 6034.38 ASA_m^2/cm^3: 3329.48 ASA_m^2/g: 5013.21 NASA_A^2: 0.139057 NASA_m^2/cm^3: 0.0767253 NASA_m^2/g: 0.115525
Number_of_channels: 1 Channel_surface_area_A^2: 6034.38  
Number_of_pockets: 2 Pocket_surface_area_A^2: 0.134071  0.00498639  
