@ ./zeo_outputs/19291N2_ddec.cif.vol Unitcell_volume: 6065.72   Density: 0.710445   AV_A^3: 3062.46 AV_Volume_fraction: 0.50488 AV_cm^3/g: 0.710653 NAV_A^3: 18.8037 NAV_Volume_fraction: 0.0031 NAV_cm^3/g: 0.00436346
Number_of_channels: 1 Channel_volume_A^3: 3062.46  
Number_of_pockets: 1 Pocket_volume_A^3: 18.8037  
