@ ./zeo_outputs/19290N2_ddec.cif.vol Unitcell_volume: 21047.6   Density: 0.602858   AV_A^3: 12145.3 AV_Volume_fraction: 0.57704 AV_cm^3/g: 0.957173 NAV_A^3: 18.5219 NAV_Volume_fraction: 0.00088 NAV_cm^3/g: 0.00145971
Number_of_channels: 1 Channel_volume_A^3: 12145.3  
Number_of_pockets: 1 Pocket_volume_A^3: 18.5219  
