@ ./zeo_outputs/19310N2_ddec.cif.vol Unitcell_volume: 9768.53   Density: 0.537824   AV_A^3: 6202.23 AV_Volume_fraction: 0.63492 AV_cm^3/g: 1.18054 NAV_A^3: 0.195371 NAV_Volume_fraction: 2e-05 NAV_cm^3/g: 3.71869e-05
Number_of_channels: 1 Channel_volume_A^3: 6202.23  
Number_of_pockets: 12 Pocket_volume_A^3: 0  0  0  0  0  0  0  0  0.195371  0  0  0  
