@ ./zeo_outputs/19310N2_ddec.cif.sa Unitcell_volume: 9768.53   Density: 0.537824   ASA_A^2: 2140.14 ASA_m^2/cm^3: 2190.85 ASA_m^2/g: 4073.55 NASA_A^2: 2.7853 NASA_m^2/cm^3: 2.8513 NASA_m^2/g: 5.30156
Number_of_channels: 1 Channel_surface_area_A^2: 2140.14  
Number_of_pockets: 12 Pocket_surface_area_A^2: 0.078244  0  0  0.00203078  0  0.24877  0.00507694  0.0690464  1.77084  0.576776  0.0345232  0  
