@ ./zeo_outputs/19311N2_ddec.cif.sa Unitcell_volume: 9522.43   Density: 0.555858   ASA_A^2: 2031.6 ASA_m^2/cm^3: 2133.49 ASA_m^2/g: 3838.19 NASA_A^2: 0.127616 NASA_m^2/cm^3: 0.134017 NASA_m^2/g: 0.241099
Number_of_channels: 1 Channel_surface_area_A^2: 2031.6  
Number_of_pockets: 9 Pocket_surface_area_A^2: 0.00960091  0  0.0294462  0.0723231  0  0  0  0.0152308  0.00101539  
