@ ./zeo_outputs/19330N2_ddec.cif.sa Unitcell_volume: 14284.5   Density: 0.51396   ASA_A^2: 3120.6 ASA_m^2/cm^3: 2184.6 ASA_m^2/g: 4250.51 NASA_A^2: 7.30225 NASA_m^2/cm^3: 5.112 NASA_m^2/g: 9.94629
Number_of_channels: 1 Channel_surface_area_A^2: 3120.6  
Number_of_pockets: 13 Pocket_surface_area_A^2: 0.00304616  0  1.59111  1.36468  0  0  0  1.14942  0.0105857  1.32204  1.84722  0.0101539  0.00400118  
