@ ./zeo_outputs/19330N2_ddec.cif.vol Unitcell_volume: 14284.5   Density: 0.51396   AV_A^3: 9395.8 AV_Volume_fraction: 0.65776 AV_cm^3/g: 1.27979 NAV_A^3: 0.857073 NAV_Volume_fraction: 6e-05 NAV_cm^3/g: 0.000116741
Number_of_channels: 1 Channel_volume_A^3: 9395.8  
Number_of_pockets: 13 Pocket_volume_A^3: 0  0  0.285691  0.285691  0  0  0  0.285691  0  0  0  0  0  
