@ ./zeo_outputs/19341N2_ddec.cif.sa Unitcell_volume: 2123.84   Density: 0.718609   ASA_A^2: 618.764 ASA_m^2/cm^3: 2913.42 ASA_m^2/g: 4054.26 NASA_A^2: 0.0619387 NASA_m^2/cm^3: 0.291636 NASA_m^2/g: 0.405834
Number_of_channels: 1 Channel_surface_area_A^2: 618.764  
Number_of_pockets: 1 Pocket_surface_area_A^2: 0.0619387  
