@ ./zeo_outputs/19340N2_ddec.cif.sa Unitcell_volume: 2982.54   Density: 0.601994   ASA_A^2: 790.208 ASA_m^2/cm^3: 2649.44 ASA_m^2/g: 4401.11 NASA_A^2: 0.166524 NASA_m^2/cm^3: 0.558328 NASA_m^2/g: 0.927463
Number_of_channels: 1 Channel_surface_area_A^2: 790.208  
Number_of_pockets: 4 Pocket_surface_area_A^2: 0.0467078  0.0771695  0.0385847  0.00406155  
