@ ./zeo_outputs/19350N2_ddec.cif.sa Unitcell_volume: 4726.81   Density: 0.782235   ASA_A^2: 1257.64 ASA_m^2/cm^3: 2660.65 ASA_m^2/g: 3401.35 NASA_A^2: 13.7165 NASA_m^2/cm^3: 29.0185 NASA_m^2/g: 37.0968
Number_of_channels: 2 Channel_surface_area_A^2: 630.243  627.397  
Number_of_pockets: 20 Pocket_surface_area_A^2: 0.749491  0.00101539  0.0121847  1.07704  0.0162462  0.00609233  1.7485  0.816607  0  0.592489  0  1.78201  0.69254  0.00203078  0.655081  1.79724  0.750637  1.0596  1.95259  0.00507694  
