@ ./zeo_outputs/19350N2_ddec.cif.vol Unitcell_volume: 4726.81   Density: 0.782235   AV_A^3: 2283.9 AV_Volume_fraction: 0.48318 AV_cm^3/g: 0.617691 NAV_A^3: 0.567217 NAV_Volume_fraction: 0.00012 NAV_cm^3/g: 0.000153407
Number_of_channels: 2 Channel_volume_A^3: 1142.09  1141.81  
Number_of_pockets: 20 Pocket_volume_A^3: 0  0  0  0  0  0  0  0.0945362  0  0  0  0.0945362  0  0  0.189072  0  0  0  0.189072  0  
