@ ./zeo_outputs/19351N2_ddec.cif.sa Unitcell_volume: 8078.48   Density: 0.59269   ASA_A^2: 2049.52 ASA_m^2/cm^3: 2537.01 ASA_m^2/g: 4280.5 NASA_A^2: 0.0857852 NASA_m^2/cm^3: 0.10619 NASA_m^2/g: 0.179166
Number_of_channels: 1 Channel_surface_area_A^2: 2049.52  
Number_of_pockets: 6 Pocket_surface_area_A^2: 0.0578771  0.00101539  0.00203078  0  0.000492602  0.0243693  
