@ ./zeo_outputs/19352N2_ddec.cif.vol Unitcell_volume: 10506.6   Density: 0.573437   AV_A^3: 5253.31 AV_Volume_fraction: 0.5 AV_cm^3/g: 0.871935 NAV_A^3: 0 NAV_Volume_fraction: 0 NAV_cm^3/g: 0
Number_of_channels: 1 Channel_volume_A^3: 5253.31  
Number_of_pockets: 22 Pocket_volume_A^3: 0  0  0  0  0  0  0  0  0  0  0  0  0  0  0  0  0  0  0  0  0  0  
