@ ./zeo_outputs/19352N2_ddec.cif.vol Unitcell_volume: 10506.6   Density: 0.573437   AV_A^3: 6385.71 AV_Volume_fraction: 0.60778 AV_cm^3/g: 1.05989 NAV_A^3: 0.630397 NAV_Volume_fraction: 6e-05 NAV_cm^3/g: 0.000104632
Number_of_channels: 1 Channel_volume_A^3: 6385.71  
Number_of_pockets: 22 Pocket_volume_A^3: 0  0  0  0  0  0.210132  0  0  0  0  0  0  0  0  0  0  0.420265  0  0  0  0  0  
