@ ./zeo_outputs/19353N2_ddec.cif.sa Unitcell_volume: 6078.27   Density: 0.660811   ASA_A^2: 1586.4 ASA_m^2/cm^3: 2609.96 ASA_m^2/g: 3949.63 NASA_A^2: 2.27752 NASA_m^2/cm^3: 3.74698 NASA_m^2/g: 5.67027
Number_of_channels: 1 Channel_surface_area_A^2: 1586.4  
Number_of_pockets: 5 Pocket_surface_area_A^2: 0.0132  0.00609233  1.02046  0  1.23776  
