@ ./zeo_outputs/19352N2_ddec.cif.sa Unitcell_volume: 10506.6   Density: 0.573437   ASA_A^2: 2580.15 ASA_m^2/cm^3: 2455.74 ASA_m^2/g: 4282.49 NASA_A^2: 11.2028 NASA_m^2/cm^3: 10.6626 NASA_m^2/g: 18.5942
Number_of_channels: 1 Channel_surface_area_A^2: 2580.15  
Number_of_pockets: 22 Pocket_surface_area_A^2: 1.8277  0.0924003  0.0964618  0.0081231  0  2.0257  0  0.00406155  0.00101539  0.00101539  0.062954  0.126923  0  2.59025  0.0121847  0.031477  1.95158  2.01961  0.0639694  0.267047  0.018277  0.00203078  
