@ ./zeo_outputs/19364N2_ddec.cif.sa Unitcell_volume: 11947.9   Density: 0.444202   ASA_A^2: 2099.15 ASA_m^2/cm^3: 1756.92 ASA_m^2/g: 3955.22 NASA_A^2: 2.72167 NASA_m^2/cm^3: 2.27795 NASA_m^2/g: 5.12817
Number_of_channels: 1 Channel_surface_area_A^2: 2099.15  
Number_of_pockets: 21 Pocket_surface_area_A^2: 0.0953303  0.035186  0.00084167  0  0  0  0  0  0.00406155  0.400241  0.220339  0.197396  0.237601  0.0609233  0.0416309  0  0  0.354856  0.00203078  0  1.07123  
