@ ./zeo_outputs/19360N2_ddec.cif.sa Unitcell_volume: 8803.76   Density: 0.376184   ASA_A^2: 1537.99 ASA_m^2/cm^3: 1746.97 ASA_m^2/g: 4643.91 NASA_A^2: 3.4593 NASA_m^2/cm^3: 3.92935 NASA_m^2/g: 10.4453
Number_of_channels: 1 Channel_surface_area_A^2: 1537.99  
Number_of_pockets: 9 Pocket_surface_area_A^2: 0  1.83417  0.000492602  1.15553  0  0.376709  0  0.0416309  0.0507694  
