@ ./zeo_outputs/19365N2_ddec.cif.sa Unitcell_volume: 12682.1   Density: 0.440527   ASA_A^2: 2459.12 ASA_m^2/cm^3: 1939.05 ASA_m^2/g: 4401.65 NASA_A^2: 1.73728 NASA_m^2/cm^3: 1.36987 NASA_m^2/g: 3.10961
Number_of_channels: 1 Channel_surface_area_A^2: 2459.12  
Number_of_pockets: 10 Pocket_surface_area_A^2: 0.202613  0.0243693  0.0081231  0.41834  0.277201  0.00304616  0.303601  0.0233539  0.390924  0.0857068  
