@ ./zeo_outputs/19363N2_ddec.cif.vol Unitcell_volume: 12365.9   Density: 0.406583   AV_A^3: 9135.22 AV_Volume_fraction: 0.73874 AV_cm^3/g: 1.81695 NAV_A^3: 0.741957 NAV_Volume_fraction: 6e-05 NAV_cm^3/g: 0.000147571
Number_of_channels: 1 Channel_volume_A^3: 9135.22  
Number_of_pockets: 21 Pocket_volume_A^3: 0.247319  0  0  0  0  0.247319  0  0  0.247319  0  0  0  0  0  0  0  0  0  0  0  0  
