@ ./zeo_outputs/19364N2_ddec.cif.vol Unitcell_volume: 11947.9   Density: 0.444202   AV_A^3: 9558.33 AV_Volume_fraction: 0.8 AV_cm^3/g: 1.80098 NAV_A^3: 0 NAV_Volume_fraction: 0 NAV_cm^3/g: 0
Number_of_channels: 1 Channel_volume_A^3: 9558.33  
Number_of_pockets: 21 Pocket_volume_A^3: 0  0  0  0  0  0  0  0  0  0  0  0  0  0  0  0  0  0  0  0  0  
