@ ./zeo_outputs/19361N2_ddec.cif.sa Unitcell_volume: 10462.3   Density: 0.375704   ASA_A^2: 1683.6 ASA_m^2/cm^3: 1609.21 ASA_m^2/g: 4283.18 NASA_A^2: 0.110677 NASA_m^2/cm^3: 0.105787 NASA_m^2/g: 0.28157
Number_of_channels: 1 Channel_surface_area_A^2: 1683.6  
Number_of_pockets: 3 Pocket_surface_area_A^2: 0.0223385  0.0873234  0.00101539  
