@ ./zeo_outputs/19362N2_ddec.cif.sa Unitcell_volume: 12509.2   Density: 0.354099   ASA_A^2: 1869.89 ASA_m^2/cm^3: 1494.82 ASA_m^2/g: 4221.47 NASA_A^2: 9.27938 NASA_m^2/cm^3: 7.41807 NASA_m^2/g: 20.9492
Number_of_channels: 1 Channel_surface_area_A^2: 1869.89  
Number_of_pockets: 9 Pocket_surface_area_A^2: 1.88681  1.21548  0  0  1.70641  1.69497  1.57289  1.20282  0  
