@ ./zeo_outputs/19363N2_ddec.cif.sa Unitcell_volume: 12365.9   Density: 0.406583   ASA_A^2: 2014.01 ASA_m^2/cm^3: 1628.67 ASA_m^2/g: 4005.76 NASA_A^2: 6.52605 NASA_m^2/cm^3: 5.27744 NASA_m^2/g: 12.98
Number_of_channels: 1 Channel_surface_area_A^2: 2014.01  
Number_of_pockets: 21 Pocket_surface_area_A^2: 1.51447  0.00203078  0  0.0101539  0.00101539  1.42529  0  0.00609233  1.37138  0  0.0101539  0.699602  0.599079  0  0.00203078  0.875645  0  0.000985203  0.0081231  0  0  
