@ ./zeo_outputs/19366N2_ddec.cif.sa Unitcell_volume: 12516.9   Density: 0.363404   ASA_A^2: 1927.58 ASA_m^2/cm^3: 1539.98 ASA_m^2/g: 4237.65 NASA_A^2: 11.8379 NASA_m^2/cm^3: 9.45755 NASA_m^2/g: 26.0249
Number_of_channels: 1 Channel_surface_area_A^2: 1927.58  
Number_of_pockets: 13 Pocket_surface_area_A^2: 1.19714  0.947357  1.45008  1.68656  0.489417  1.22557  1.54644  0.34117  0.549325  1.06311  0.358432  0  0.983318  
