@ ./zeo_outputs/19370N2_ddec.cif.sa Unitcell_volume: 4834.31   Density: 0.736052   ASA_A^2: 1811.89 ASA_m^2/cm^3: 3747.97 ASA_m^2/g: 5091.99 NASA_A^2: 0.00788163 NASA_m^2/cm^3: 0.0163035 NASA_m^2/g: 0.02215
Number_of_channels: 1 Channel_surface_area_A^2: 1811.89  
Number_of_pockets: 1 Pocket_surface_area_A^2: 0.00788163  
