@ ./zeo_outputs/19390N2_ddec.cif.sa Unitcell_volume: 2857.08   Density: 0.702818   ASA_A^2: 715.973 ASA_m^2/cm^3: 2505.96 ASA_m^2/g: 3565.59 NASA_A^2: 0.237165 NASA_m^2/cm^3: 0.830095 NASA_m^2/g: 1.1811
Number_of_channels: 1 Channel_surface_area_A^2: 715.973  
Number_of_pockets: 6 Pocket_surface_area_A^2: 0.00203078  0.0243693  0.00406155  0.0132785  0  0.193425  
