@ ./zeo_outputs/19413N2_ddec.cif.sa Unitcell_volume: 9631.59   Density: 0.410151   ASA_A^2: 1570.02 ASA_m^2/cm^3: 1630.08 ASA_m^2/g: 3974.34 NASA_A^2: 0.13582 NASA_m^2/cm^3: 0.141015 NASA_m^2/g: 0.343812
Number_of_channels: 1 Channel_surface_area_A^2: 1570.02  
Number_of_pockets: 9 Pocket_surface_area_A^2: 0.0245764  0.0548309  0.00147781  0.0142154  0.0122882  0.0233539  0.00304616  0.00203078  0  
