@ ./zeo_outputs/19412N2_ddec.cif.sa Unitcell_volume: 21629.4   Density: 0.488852   ASA_A^2: 3965.08 ASA_m^2/cm^3: 1833.19 ASA_m^2/g: 3749.98 NASA_A^2: 14.5353 NASA_m^2/cm^3: 6.72014 NASA_m^2/g: 13.7468
Number_of_channels: 1 Channel_surface_area_A^2: 3965.08  
Number_of_pockets: 85 Pocket_surface_area_A^2: 0.0609233  0.401078  0.0852926  0.0111693  0.036554  0.00406155  0.872218  0  0  0  0.0081231  0.018277  0.068031  0.141139  1.40022  0.049754  0  0  0  0.00101539  1.2012  0.1188  0.0751387  0.12997  0.0142154  0.00101539  0  0.293447  0.00203078  0.407171  0  0.758495  0.036554  0.0670156  0.0903695  0.49754  0.0588925  0.0731079  0.0132  0.115754  0.119816  0.086308  0.0345232  0.0558463  0.0649848  0.107631  0.32594  0.122862  0.0274155  0.0304616  0.0213231  0.0253847  0.276186  0.180739  0.0253847  0.0172616  0.192924  0.108647  0.00710772  0.0233539  0  0  0.00507694  0.264001  1.95361  0.194954  0  0  0.372647  0.00710772  2.05413  0  0.22237  0.081231  0.0639694  0.0710772  0.0436617  0.0264001  0.0771695  0.031477  0.0162462  0  0.0192924  0.0324924  0.0324924  
