@ ./zeo_outputs/19410N2_ddec.cif.sa Unitcell_volume: 16198.1   Density: 0.500051   ASA_A^2: 3247.11 ASA_m^2/cm^3: 2004.62 ASA_m^2/g: 4008.84 NASA_A^2: 10.7474 NASA_m^2/cm^3: 6.63495 NASA_m^2/g: 13.2686
Number_of_channels: 1 Channel_surface_area_A^2: 3247.11  
Number_of_pockets: 44 Pocket_surface_area_A^2: 0.0913849  0.0852926  0.0538156  0.0528002  0.1056  0.0670156  0.000492602  0.0690464  0.10357  0.307663  0.22237  1.52917  0.0852926  0.0588925  0.340155  0.382801  1.056  0.100523  0.0528002  0.0385847  0.00406155  0  0.0213231  0.0294462  0.0223385  0.140124  0.159416  0.0731079  0.278216  0.551356  0  0  0.0792003  0  1.88354  0.0588925  0.0649848  0.0873234  1.77388  0.374678  0.0873234  0.0954465  0.159416  0  
