@ ./zeo_outputs/19411N2_ddec.cif.sa Unitcell_volume: 18594.9   Density: 0.48924   ASA_A^2: 3698.24 ASA_m^2/cm^3: 1988.84 ASA_m^2/g: 4065.17 NASA_A^2: 4.58949 NASA_m^2/cm^3: 2.46814 NASA_m^2/g: 5.04485
Number_of_channels: 1 Channel_surface_area_A^2: 3698.24  
Number_of_pockets: 44 Pocket_surface_area_A^2: 1.05702  0.966649  0.0761541  0  0.0101539  0.0162462  0  0.00406155  0.00197041  0.00101539  0.0954465  0.068031  0.00101539  0.162462  0.0456925  0.0243693  0.283293  0.144185  0.269078  0.323909  0.172616  0.00101539  0.0152308  0.0081231  0.086308  0.0223385  0.0274155  0.00507694  0.0111693  0.049754  0.00609233  0.0609233  0.0487386  0.0487386  0.0335078  0.0192924  0.0396001  0.0162462  0.0162462  0.0121847  0.0964618  0.0528002  0.1056  0.0832618  
