@ ./zeo_outputs/19420N3_ddec.cif.sa Unitcell_volume: 36354   Density: 0.229766   ASA_A^2: 4914.62 ASA_m^2/cm^3: 1351.88 ASA_m^2/g: 5883.73 NASA_A^2: 0.0409488 NASA_m^2/cm^3: 0.0112639 NASA_m^2/g: 0.0490234
Number_of_channels: 1 Channel_surface_area_A^2: 4914.62  
Number_of_pockets: 2 Pocket_surface_area_A^2: 0.0409488  0  
