@ ./zeo_outputs/19430N2_ddec.cif.vol Unitcell_volume: 9003.5   Density: 0.561339   AV_A^3: 5627.37 AV_Volume_fraction: 0.62502 AV_cm^3/g: 1.11344 NAV_A^3: 0 NAV_Volume_fraction: 0 NAV_cm^3/g: 0
Number_of_channels: 1 Channel_volume_A^3: 5627.37  
Number_of_pockets: 15 Pocket_volume_A^3: 0  0  0  0  0  0  0  0  0  0  0  0  0  0  0  
