@ ./zeo_outputs/19430N2_ddec.cif.sa Unitcell_volume: 9003.5   Density: 0.561339   ASA_A^2: 2076.47 ASA_m^2/cm^3: 2306.29 ASA_m^2/g: 4108.56 NASA_A^2: 0.27713 NASA_m^2/cm^3: 0.307803 NASA_m^2/g: 0.548336
Number_of_channels: 1 Channel_surface_area_A^2: 2076.47  
Number_of_pockets: 15 Pocket_surface_area_A^2: 0.0130189  0  0.0842772  0.0203078  0.018277  0  0.00376976  0.00203078  0.018277  0  0  0.00344821  0.0304616  0.0274155  0.0558463  
