@ ./zeo_outputs/19441N2_ddec.cif.sa Unitcell_volume: 4052.01   Density: 1.06779   ASA_A^2: 1955.15 ASA_m^2/cm^3: 4825.14 ASA_m^2/g: 4518.81 NASA_A^2: 0.000985203 NASA_m^2/cm^3: 0.0024314 NASA_m^2/g: 0.00227704
Number_of_channels: 1 Channel_surface_area_A^2: 1955.15  
Number_of_pockets: 1 Pocket_surface_area_A^2: 0.000985203  
