@ ./zeo_outputs/19452N2_ddec.cif.vol Unitcell_volume: 17221.9   Density: 0.388654   AV_A^3: 12634.7 AV_Volume_fraction: 0.73364 AV_cm^3/g: 1.88765 NAV_A^3: 0 NAV_Volume_fraction: 0 NAV_cm^3/g: 0
Number_of_channels: 1 Channel_volume_A^3: 12634.7  
Number_of_pockets: 21 Pocket_volume_A^3: 0  0  0  0  0  0  0  0  0  0  0  0  0  0  0  0  0  0  0  0  0  
