@ ./zeo_outputs/19450N2_ddec.cif.sa Unitcell_volume: 22487.3   Density: 0.283472   ASA_A^2: 3621.38 ASA_m^2/cm^3: 1610.41 ASA_m^2/g: 5681.03 NASA_A^2: 2.78446 NASA_m^2/cm^3: 1.23824 NASA_m^2/g: 4.36812
Number_of_channels: 1 Channel_surface_area_A^2: 3621.38  
Number_of_pockets: 2 Pocket_surface_area_A^2: 0.00246301  2.782  
