@ ./zeo_outputs/19454N2_ddec.cif.sa Unitcell_volume: 19592.1   Density: 0.367616   ASA_A^2: 3621.57 ASA_m^2/cm^3: 1848.49 ASA_m^2/g: 5028.31 NASA_A^2: 0.532295 NASA_m^2/cm^3: 0.271689 NASA_m^2/g: 0.739057
Number_of_channels: 1 Channel_surface_area_A^2: 3621.57  
Number_of_pockets: 6 Pocket_surface_area_A^2: 0.266662  0.103724  0.00147781  0  0.160431  0  
