@ ./zeo_outputs/19456N2_ddec.cif.vol Unitcell_volume: 18635.2   Density: 0.355463   AV_A^3: 13887 AV_Volume_fraction: 0.7452 AV_cm^3/g: 2.09642 NAV_A^3: 2.60893 NAV_Volume_fraction: 0.00014 NAV_cm^3/g: 0.000393853
Number_of_channels: 1 Channel_volume_A^3: 13887  
Number_of_pockets: 9 Pocket_volume_A^3: 0.372704  0  1.11811  0  0.372704  0  0  0.745409  0  
