@ ./zeo_outputs/19451N2_ddec.cif.vol Unitcell_volume: 18703   Density: 0.35895   AV_A^3: 14035.8 AV_Volume_fraction: 0.75046 AV_cm^3/g: 2.09071 NAV_A^3: 0 NAV_Volume_fraction: 0 NAV_cm^3/g: 0
Number_of_channels: 1 Channel_volume_A^3: 14035.8  
Number_of_pockets: 15 Pocket_volume_A^3: 0  0  0  0  0  0  0  0  0  0  0  0  0  0  0  
