@ ./zeo_outputs/19451N2_ddec.cif.sa Unitcell_volume: 18703   Density: 0.35895   ASA_A^2: 3200.26 ASA_m^2/cm^3: 1711.1 ASA_m^2/g: 4766.95 NASA_A^2: 0.538828 NASA_m^2/cm^3: 0.288098 NASA_m^2/g: 0.802613
Number_of_channels: 1 Channel_surface_area_A^2: 3200.26  
Number_of_pockets: 15 Pocket_surface_area_A^2: 0.199496  0.0342914  0.0385847  0.0528497  0.0248414  0  0.0159688  0.00547899  0.00791181  0.00394081  0.0162559  0.0325934  0.0264001  0.0274155  0.0528002  
