@ ./zeo_outputs/19456N2_ddec.cif.sa Unitcell_volume: 18635.2   Density: 0.355463   ASA_A^2: 3312.2 ASA_m^2/cm^3: 1777.39 ASA_m^2/g: 5000.21 NASA_A^2: 20.4824 NASA_m^2/cm^3: 10.9912 NASA_m^2/g: 30.9209
Number_of_channels: 1 Channel_surface_area_A^2: 3312.2  
Number_of_pockets: 9 Pocket_surface_area_A^2: 3.08436  0  3.50897  3.23945  3.53321  0.68985  0.00203078  3.29321  3.13131  
