@ ./zeo_outputs/19455N2_ddec.cif.sa Unitcell_volume: 25716.6   Density: 0.240895   ASA_A^2: 3692.18 ASA_m^2/cm^3: 1435.72 ASA_m^2/g: 5959.92 NASA_A^2: 0.0483257 NASA_m^2/cm^3: 0.0187916 NASA_m^2/g: 0.0780073
Number_of_channels: 1 Channel_surface_area_A^2: 3692.18  
Number_of_pockets: 5 Pocket_surface_area_A^2: 0.033276  0  0.000492602  0.00898757  0.00556954  
