@ ./zeo_outputs/19452N2_ddec.cif.sa Unitcell_volume: 17221.9   Density: 0.388654   ASA_A^2: 2936.87 ASA_m^2/cm^3: 1705.31 ASA_m^2/g: 4387.75 NASA_A^2: 6.73423 NASA_m^2/cm^3: 3.91028 NASA_m^2/g: 10.0611
Number_of_channels: 1 Channel_surface_area_A^2: 2936.87  
Number_of_pockets: 21 Pocket_surface_area_A^2: 0.00304616  1.36096  0.190893  0  0.187847  0.031477  0.142154  0.00406155  0.0081231  0.00203078  0.0132  0.00344821  0.514802  0.00203078  0.00710772  1.89167  0.00101539  0.00609233  0.134031  1.01321  1.21703  
