@ ./zeo_outputs/19454N2_ddec.cif.vol Unitcell_volume: 19592.1   Density: 0.367616   AV_A^3: 14533 AV_Volume_fraction: 0.74178 AV_cm^3/g: 2.01781 NAV_A^3: 0.391841 NAV_Volume_fraction: 2e-05 NAV_cm^3/g: 5.44047e-05
Number_of_channels: 1 Channel_volume_A^3: 14533  
Number_of_pockets: 6 Pocket_volume_A^3: 0.391841  0  0  0  0  0  
