@ ./zeo_outputs/19453N2_ddec.cif.sa Unitcell_volume: 19217.5   Density: 0.338466   ASA_A^2: 3423.02 ASA_m^2/cm^3: 1781.2 ASA_m^2/g: 5262.58 NASA_A^2: 1.81639 NASA_m^2/cm^3: 0.945178 NASA_m^2/g: 2.79253
Number_of_channels: 1 Channel_surface_area_A^2: 3423.02  
Number_of_pockets: 8 Pocket_surface_area_A^2: 0.0299183  0.324408  0.00800237  1.43435  0.00678071  0.00406155  0  0.00886683  
