@ ./zeo_outputs/19464N2_ddec.cif.vol Unitcell_volume: 5250.02   Density: 0.554784   AV_A^3: 3262.89 AV_Volume_fraction: 0.6215 AV_cm^3/g: 1.12025 NAV_A^3: 0.105 NAV_Volume_fraction: 2e-05 NAV_cm^3/g: 3.605e-05
Number_of_channels: 1 Channel_volume_A^3: 3262.89  
Number_of_pockets: 7 Pocket_volume_A^3: 0  0  0  0  0  0  0.105  
