@ ./zeo_outputs/19466N2_ddec.cif.sa Unitcell_volume: 7811.04   Density: 0.510766   ASA_A^2: 1617.9 ASA_m^2/cm^3: 2071.3 ASA_m^2/g: 4055.28 NASA_A^2: 0.227285 NASA_m^2/cm^3: 0.29098 NASA_m^2/g: 0.569692
Number_of_channels: 1 Channel_surface_area_A^2: 1617.9  
Number_of_pockets: 6 Pocket_surface_area_A^2: 0.0162462  0.00101539  0.119343  0.00640382  0  0.0842772  
