@ ./zeo_outputs/19464N2_ddec.cif.sa Unitcell_volume: 5250.02   Density: 0.554784   ASA_A^2: 1286.15 ASA_m^2/cm^3: 2449.8 ASA_m^2/g: 4415.77 NASA_A^2: 2.28118 NASA_m^2/cm^3: 4.34509 NASA_m^2/g: 7.83204
Number_of_channels: 1 Channel_surface_area_A^2: 1286.15  
Number_of_pockets: 7 Pocket_surface_area_A^2: 0.0284309  0.115934  0.320952  0  0  1.03402  0.781849  
