@ ./zeo_outputs/19460N2_ddec.cif.sa Unitcell_volume: 2814.06   Density: 0.694681   ASA_A^2: 747.099 ASA_m^2/cm^3: 2654.88 ASA_m^2/g: 3821.72 NASA_A^2: 0.0649848 NASA_m^2/cm^3: 0.230929 NASA_m^2/g: 0.332424
Number_of_channels: 1 Channel_surface_area_A^2: 747.099  
Number_of_pockets: 4 Pocket_surface_area_A^2: 0.0416309  0.00203078  0.00304616  0.018277  
