@ ./zeo_outputs/19462N2_ddec.cif.sa Unitcell_volume: 3648.42   Density: 0.650611   ASA_A^2: 857.351 ASA_m^2/cm^3: 2349.93 ASA_m^2/g: 3611.88 NASA_A^2: 0.247486 NASA_m^2/cm^3: 0.678338 NASA_m^2/g: 1.04262
Number_of_channels: 1 Channel_surface_area_A^2: 857.351  
Number_of_pockets: 8 Pocket_surface_area_A^2: 0  0.100268  0.0152308  0.0568617  0.0121847  0.00203078  0.00171116  0.0591987  
