@ ./zeo_outputs/19470N2_ddec.cif.sa Unitcell_volume: 30127.7   Density: 0.499289   ASA_A^2: 6929.29 ASA_m^2/cm^3: 2299.97 ASA_m^2/g: 4606.5 NASA_A^2: 3.7507 NASA_m^2/cm^3: 1.24493 NASA_m^2/g: 2.49341
Number_of_channels: 1 Channel_surface_area_A^2: 6929.29  
Number_of_pockets: 38 Pocket_surface_area_A^2: 0  0  0  0  0.12997  0  0.349594  0  0.0599079  0.032321  0.0491407  0.0243391  0.0836023  0  0.00803255  0.214247  0  0  0.155354  0.238616  0.146216  0  0.0111693  0.208414  0  0.0233539  0.0569209  0.515393  0.406977  0.0296974  0.186831  0  0.297509  0.0608025  0.22237  0.0378553  0.202062  0  
