@ ./zeo_outputs/19481N2_ddec.cif.sa Unitcell_volume: 9913.92   Density: 0.63388   ASA_A^2: 2758.41 ASA_m^2/cm^3: 2782.36 ASA_m^2/g: 4389.42 NASA_A^2: 0.414996 NASA_m^2/cm^3: 0.418599 NASA_m^2/g: 0.660377
Number_of_channels: 1 Channel_surface_area_A^2: 2758.41  
Number_of_pockets: 10 Pocket_surface_area_A^2: 0.1452  0  0.098195  0.0172616  0.0406155  0.0842772  0.0081231  0.00406155  0.0142154  0.00304616  
