@ ./zeo_outputs/19480N2_ddec.cif.sa Unitcell_volume: 12717.8   Density: 0.465942   ASA_A^2: 2913.48 ASA_m^2/cm^3: 2290.87 ASA_m^2/g: 4916.65 NASA_A^2: 1.89216 NASA_m^2/cm^3: 1.48781 NASA_m^2/g: 3.19312
Number_of_channels: 1 Channel_surface_area_A^2: 2913.48  
Number_of_pockets: 22 Pocket_surface_area_A^2: 0.1056  0.00406155  0  0.00478515  0.0426463  0  0.00507694  0.387417  0  0.0455466  0.305048  0.0132  0.493  0  0.0081231  0.0101539  0.00101539  0  0  0.0964618  0.0081231  0.361904  
