@ ./zeo_outputs/19482N2_ddec.cif.sa Unitcell_volume: 9578.51   Density: 0.638391   ASA_A^2: 2791.11 ASA_m^2/cm^3: 2913.92 ASA_m^2/g: 4564.48 NASA_A^2: 0.264228 NASA_m^2/cm^3: 0.275855 NASA_m^2/g: 0.43211
Number_of_channels: 1 Channel_surface_area_A^2: 2791.11  
Number_of_pockets: 3 Pocket_surface_area_A^2: 0.253496  0.0107316  0  
