@ ./zeo_outputs/19480N2_ddec.cif.vol Unitcell_volume: 12717.8   Density: 0.465942   AV_A^3: 8547.38 AV_Volume_fraction: 0.67208 AV_cm^3/g: 1.44241 NAV_A^3: 0 NAV_Volume_fraction: 0 NAV_cm^3/g: 0
Number_of_channels: 1 Channel_volume_A^3: 8547.38  
Number_of_pockets: 22 Pocket_volume_A^3: 0  0  0  0  0  0  0  0  0  0  0  0  0  0  0  0  0  0  0  0  0  0  
