@ ./zeo_outputs/19490N2_ddec.cif.vol Unitcell_volume: 4359.18   Density: 0.776504   AV_A^3: 2104.88 AV_Volume_fraction: 0.48286 AV_cm^3/g: 0.621839 NAV_A^3: 0.174367 NAV_Volume_fraction: 4e-05 NAV_cm^3/g: 5.15129e-05
Number_of_channels: 1 Channel_volume_A^3: 2104.88  
Number_of_pockets: 4 Pocket_volume_A^3: 0.0871837  0  0  0.0871837  
