@ ./zeo_outputs/19490N2_ddec.cif.sa Unitcell_volume: 4359.18   Density: 0.776504   ASA_A^2: 1417.42 ASA_m^2/cm^3: 3251.58 ASA_m^2/g: 4187.46 NASA_A^2: 8.5455 NASA_m^2/cm^3: 19.6035 NASA_m^2/g: 25.2458
Number_of_channels: 1 Channel_surface_area_A^2: 1417.42  
Number_of_pockets: 4 Pocket_surface_area_A^2: 2.07342  2.31407  1.93127  2.22675  
