@ ./zeo_outputs/19500N2_ddec.cif.sa Unitcell_volume: 12511.4   Density: 0.396969   ASA_A^2: 2093.51 ASA_m^2/cm^3: 1673.27 ASA_m^2/g: 4215.13 NASA_A^2: 0.459825 NASA_m^2/cm^3: 0.367523 NASA_m^2/g: 0.925825
Number_of_channels: 1 Channel_surface_area_A^2: 2093.51  
Number_of_pockets: 7 Pocket_surface_area_A^2: 0.000869492  0.00507694  0.0203078  0  0  0.115754  0.317816  
