@ ./zeo_outputs/19510N2_ddec.cif.sa Unitcell_volume: 11967.3   Density: 0.34838   ASA_A^2: 1843.57 ASA_m^2/cm^3: 1540.51 ASA_m^2/g: 4421.92 NASA_A^2: 0.125908 NASA_m^2/cm^3: 0.10521 NASA_m^2/g: 0.301998
Number_of_channels: 1 Channel_surface_area_A^2: 1843.57  
Number_of_pockets: 4 Pocket_surface_area_A^2: 0.0609233  0.0477232  0.00203078  0.0152308  
