@ ./zeo_outputs/19511N2_ddec.cif.sa Unitcell_volume: 5425.46   Density: 0.500061   ASA_A^2: 1120.38 ASA_m^2/cm^3: 2065.04 ASA_m^2/g: 4129.58 NASA_A^2: 0.266032 NASA_m^2/cm^3: 0.49034 NASA_m^2/g: 0.98056
Number_of_channels: 1 Channel_surface_area_A^2: 1120.38  
Number_of_pockets: 2 Pocket_surface_area_A^2: 0.198001  0.068031  
