@ ./zeo_outputs/19522N2_ddec.cif.sa Unitcell_volume: 9727.07   Density: 0.580412   ASA_A^2: 2763.31 ASA_m^2/cm^3: 2840.84 ASA_m^2/g: 4894.53 NASA_A^2: 0.156791 NASA_m^2/cm^3: 0.16119 NASA_m^2/g: 0.277717
Number_of_channels: 1 Channel_surface_area_A^2: 2763.31  
Number_of_pockets: 1 Pocket_surface_area_A^2: 0.156791  
