@ ./zeo_outputs/19521N2_ddec.cif.sa Unitcell_volume: 10087.7   Density: 0.516154   ASA_A^2: 2540.5 ASA_m^2/cm^3: 2518.42 ASA_m^2/g: 4879.2 NASA_A^2: 0.763202 NASA_m^2/cm^3: 0.756569 NASA_m^2/g: 1.46578
Number_of_channels: 1 Channel_surface_area_A^2: 2540.5  
Number_of_pockets: 4 Pocket_surface_area_A^2: 0.757721  0.000492602  0.000985203  0.00400282  
