@ ./zeo_outputs/19531N2_ddec.cif.sa Unitcell_volume: 11389.3   Density: 0.350349   ASA_A^2: 1823.3 ASA_m^2/cm^3: 1600.88 ASA_m^2/g: 4569.39 NASA_A^2: 0.0383156 NASA_m^2/cm^3: 0.0336416 NASA_m^2/g: 0.0960232
Number_of_channels: 1 Channel_surface_area_A^2: 1823.3  
Number_of_pockets: 3 Pocket_surface_area_A^2: 0.03536  0  0.00295561  
