@ ./zeo_outputs/19530N2_ddec.cif.sa Unitcell_volume: 9263.86   Density: 0.37617   ASA_A^2: 1824.35 ASA_m^2/cm^3: 1969.32 ASA_m^2/g: 5235.19 NASA_A^2: 1.31253 NASA_m^2/cm^3: 1.41682 NASA_m^2/g: 3.76644
Number_of_channels: 1 Channel_surface_area_A^2: 1824.35  
Number_of_pockets: 5 Pocket_surface_area_A^2: 0.199016  0  0  1.11351  0  
