@ ./zeo_outputs/19541N2_ddec.cif.sa Unitcell_volume: 14123.4   Density: 0.519823   ASA_A^2: 3171.59 ASA_m^2/cm^3: 2245.62 ASA_m^2/g: 4319.97 NASA_A^2: 1.71531 NASA_m^2/cm^3: 1.21451 NASA_m^2/g: 2.33639
Number_of_channels: 1 Channel_surface_area_A^2: 3171.59  
Number_of_pockets: 22 Pocket_surface_area_A^2: 0.00203078  0.00203078  0.0568617  0.00406155  0.00101539  0.117785  0.036554  0.00101539  0  0  0.00203078  0  0.00609233  0.0660002  0.00304616  0  0  0  1.37211  0  0  0.0446771  
