@ ./zeo_outputs/19540N2_ddec.cif.vol Unitcell_volume: 8874.53   Density: 0.656409   AV_A^3: 5100.01 AV_Volume_fraction: 0.57468 AV_cm^3/g: 0.87549 NAV_A^3: 0 NAV_Volume_fraction: 0 NAV_cm^3/g: 0
Number_of_channels: 1 Channel_volume_A^3: 5100.01  
Number_of_pockets: 18 Pocket_volume_A^3: 0  0  0  0  0  0  0  0  0  0  0  0  0  0  0  0  0  0  
