@ ./zeo_outputs/19542N2_ddec.cif.sa Unitcell_volume: 10888.7   Density: 0.652315   ASA_A^2: 2488.72 ASA_m^2/cm^3: 2285.6 ASA_m^2/g: 3503.84 NASA_A^2: 4.51648 NASA_m^2/cm^3: 4.14787 NASA_m^2/g: 6.35869
Number_of_channels: 1 Channel_surface_area_A^2: 2488.72  
Number_of_pockets: 25 Pocket_surface_area_A^2: 0  0.176526  0.185816  0  0.0588925  0  0.06991  1.43795  0.0609233  0  0.0274155  0.0690464  0  1.40948  0.0542297  0.167539  0.1056  0.148083  0.0121847  0.00434746  0  0.00203078  0.526508  0  0  
