@ ./zeo_outputs/19540N2_ddec.cif.sa Unitcell_volume: 8874.53   Density: 0.656409   ASA_A^2: 2086.16 ASA_m^2/cm^3: 2350.72 ASA_m^2/g: 3581.18 NASA_A^2: 3.84422 NASA_m^2/cm^3: 4.33175 NASA_m^2/g: 6.59916
Number_of_channels: 1 Channel_surface_area_A^2: 2086.16  
Number_of_pockets: 18 Pocket_surface_area_A^2: 0.445755  0.0203078  0.00507694  1.03668  0.00304616  0  0.0335078  0.662033  0.00913849  0.0132  0.00710772  0.469109  0.448801  0.545263  0  0.00710772  0  0.138093  
