@ ./zeo_outputs/19541N2_ddec.cif.vol Unitcell_volume: 14123.4   Density: 0.519823   AV_A^3: 9172.6 AV_Volume_fraction: 0.64946 AV_cm^3/g: 1.24939 NAV_A^3: 0.282469 NAV_Volume_fraction: 2e-05 NAV_cm^3/g: 3.84746e-05
Number_of_channels: 1 Channel_volume_A^3: 9172.6  
Number_of_pockets: 22 Pocket_volume_A^3: 0  0  0  0  0  0  0  0  0  0  0  0  0  0  0  0  0  0  0.282469  0  0  0  
