@ ./zeo_outputs/19542N2_ddec.cif.vol Unitcell_volume: 10888.7   Density: 0.652315   AV_A^3: 4355.47 AV_Volume_fraction: 0.4 AV_cm^3/g: 0.613201 NAV_A^3: 0 NAV_Volume_fraction: 0 NAV_cm^3/g: 0
Number_of_channels: 1 Channel_volume_A^3: 4355.47  
Number_of_pockets: 25 Pocket_volume_A^3: 0  0  0  0  0  0  0  0  0  0  0  0  0  0  0  0  0  0  0  0  0  0  0  0  0  
