@ ./zeo_outputs/19560N2_ddec.cif.sa Unitcell_volume: 9427.1   Density: 0.474077   ASA_A^2: 2218.1 ASA_m^2/cm^3: 2352.9 ASA_m^2/g: 4963.13 NASA_A^2: 0.130874 NASA_m^2/cm^3: 0.138827 NASA_m^2/g: 0.292837
Number_of_channels: 1 Channel_surface_area_A^2: 2218.1  
Number_of_pockets: 4 Pocket_surface_area_A^2: 0.0649848  0.0456925  0  0.0201967  
