@ ./zeo_outputs/19571N2_ddec.cif.vol Unitcell_volume: 8583.68   Density: 0.553146   AV_A^3: 7725.31 AV_Volume_fraction: 0.9 AV_cm^3/g: 1.62706 NAV_A^3: 0 NAV_Volume_fraction: 0 NAV_cm^3/g: 0
Number_of_channels: 1 Channel_volume_A^3: 7725.31  
Number_of_pockets: 18 Pocket_volume_A^3: 0  0  0  0  0  0  0  0  0  0  0  0  0  0  0  0  0  0  
