@ ./zeo_outputs/19570N2_ddec.cif.sa Unitcell_volume: 8187.41   Density: 0.579918   ASA_A^2: 1922.75 ASA_m^2/cm^3: 2348.42 ASA_m^2/g: 4049.58 NASA_A^2: 5.73566 NASA_m^2/cm^3: 7.00547 NASA_m^2/g: 12.0801
Number_of_channels: 1 Channel_surface_area_A^2: 1922.75  
Number_of_pockets: 16 Pocket_surface_area_A^2: 1.4449  0.663596  0  0.654145  0  0.086308  0.108647  0.0132  1.23674  0.657151  0.672975  0.00710772  0.0781849  0.0903695  0.0213231  0.00101539  
