@ ./zeo_outputs/19573N2_ddec.cif.sa Unitcell_volume: 9896.08   Density: 0.608142   ASA_A^2: 2335.11 ASA_m^2/cm^3: 2359.63 ASA_m^2/g: 3880.06 NASA_A^2: 13.5075 NASA_m^2/cm^3: 13.6494 NASA_m^2/g: 22.4444
Number_of_channels: 1 Channel_surface_area_A^2: 2335.11  
Number_of_pockets: 31 Pocket_surface_area_A^2: 1.37179  1.07769  0  0.00472478  0.0142154  0.0162462  0.885983  0  0.0142154  1.81551  1.87339  0.017724  1.06016  0.00406155  0.0822464  0.916895  1.08227  0.00609233  0.795  0.30157  1.11639  0.00101539  0  0  0.990417  0  0.0101539  0  0.049754  0  0  
