@ ./zeo_outputs/19571N2_ddec.cif.sa Unitcell_volume: 8583.68   Density: 0.553146   ASA_A^2: 1912.66 ASA_m^2/cm^3: 2228.26 ASA_m^2/g: 4028.34 NASA_A^2: 8.41783 NASA_m^2/cm^3: 9.80679 NASA_m^2/g: 17.7291
Number_of_channels: 1 Channel_surface_area_A^2: 1912.66  
Number_of_pockets: 18 Pocket_surface_area_A^2: 1.89167  0.979931  1.1192  0  0  0.00913849  0  0  0.0101539  1.79521  1.2218  0  0.00406155  0  0  1.36839  0  0.018277  
