@ ./zeo_outputs/19573N2_ddec.cif.vol Unitcell_volume: 9896.08   Density: 0.608142   AV_A^3: 8906.47 AV_Volume_fraction: 0.9 AV_cm^3/g: 1.47992 NAV_A^3: 0 NAV_Volume_fraction: 0 NAV_cm^3/g: 0
Number_of_channels: 1 Channel_volume_A^3: 8906.47  
Number_of_pockets: 31 Pocket_volume_A^3: 0  0  0  0  0  0  0  0  0  0  0  0  0  0  0  0  0  0  0  0  0  0  0  0  0  0  0  0  0  0  0  
