@ ./zeo_outputs/19571N2_ddec.cif.vol Unitcell_volume: 8583.68   Density: 0.553146   AV_A^3: 5390.72 AV_Volume_fraction: 0.62802 AV_cm^3/g: 1.13536 NAV_A^3: 0.343347 NAV_Volume_fraction: 4e-05 NAV_cm^3/g: 7.23137e-05
Number_of_channels: 1 Channel_volume_A^3: 5390.72  
Number_of_pockets: 18 Pocket_volume_A^3: 0  0.171674  0  0  0  0  0  0  0  0.171674  0  0  0  0  0  0  0  0  
