@ ./zeo_outputs/19572N2_ddec.cif.sa Unitcell_volume: 9788.61   Density: 0.614819   ASA_A^2: 2445.97 ASA_m^2/cm^3: 2498.79 ASA_m^2/g: 4064.28 NASA_A^2: 7.59916 NASA_m^2/cm^3: 7.76327 NASA_m^2/g: 12.6269
Number_of_channels: 1 Channel_surface_area_A^2: 2445.97  
Number_of_pockets: 13 Pocket_surface_area_A^2: 1.37788  0.0111693  0.386863  0.475202  0  0  3.3985  1.44287  0  0.00203078  0.246739  0  0.257909  
