@ ./zeo_outputs/19573N2_ddec.cif.vol Unitcell_volume: 9896.08   Density: 0.608142   AV_A^3: 5874.31 AV_Volume_fraction: 0.5936 AV_cm^3/g: 0.976087 NAV_A^3: 0.593765 NAV_Volume_fraction: 6e-05 NAV_cm^3/g: 9.86611e-05
Number_of_channels: 1 Channel_volume_A^3: 5874.31  
Number_of_pockets: 31 Pocket_volume_A^3: 0  0  0  0  0  0  0.197922  0  0  0  0  0  0  0  0  0.197922  0.197922  0  0  0  0  0  0  0  0  0  0  0  0  0  0  
