@ ./zeo_outputs/20000N2_ddec.cif.sa Unitcell_volume: 11841.4   Density: 0.49309   ASA_A^2: 2745.71 ASA_m^2/cm^3: 2318.74 ASA_m^2/g: 4702.46 NASA_A^2: 0.057836 NASA_m^2/cm^3: 0.0488422 NASA_m^2/g: 0.0990533
Number_of_channels: 1 Channel_surface_area_A^2: 2745.71  
Number_of_pockets: 8 Pocket_surface_area_A^2: 0.0275857  0.0121847  0.0111693  0  0  0  0.00689642  0  
