@ ./zeo_outputs/20021N2_ddec.cif.sa Unitcell_volume: 5157.09   Density: 0.607219   ASA_A^2: 1054.94 ASA_m^2/cm^3: 2045.61 ASA_m^2/g: 3368.82 NASA_A^2: 1.57202 NASA_m^2/cm^3: 3.04827 NASA_m^2/g: 5.02005
Number_of_channels: 1 Channel_surface_area_A^2: 1054.94  
Number_of_pockets: 32 Pocket_surface_area_A^2: 0.156743  0.153685  0.100335  0.00290027  0.0790367  0.0876034  0.0614892  0.0111693  0.0054488  0  0.0619778  0.0730172  0.134457  0.108055  0.0101539  0.0507694  0.00406155  0.0101539  0.074701  0.0900718  0.0284309  0.062954  0.0152308  0.0081231  0.0233539  0.0781731  0  0.0179295  0.0366114  0.0132  0.00710772  0.00507694  
