@ ./zeo_outputs/20021N2_ddec.cif.vol Unitcell_volume: 5157.09   Density: 0.607219   AV_A^3: 3266.71 AV_Volume_fraction: 0.63344 AV_cm^3/g: 1.04318 NAV_A^3: 0 NAV_Volume_fraction: 0 NAV_cm^3/g: 0
Number_of_channels: 1 Channel_volume_A^3: 3266.71  
Number_of_pockets: 32 Pocket_volume_A^3: 0  0  0  0  0  0  0  0  0  0  0  0  0  0  0  0  0  0  0  0  0  0  0  0  0  0  0  0  0  0  0  0  
