@ ./zeo_outputs/20031N2_ddec.cif.sa Unitcell_volume: 10742.5   Density: 0.798037   ASA_A^2: 4105.43 ASA_m^2/cm^3: 3821.67 ASA_m^2/g: 4788.84 NASA_A^2: 0.012315 NASA_m^2/cm^3: 0.0114638 NASA_m^2/g: 0.014365
Number_of_channels: 1 Channel_surface_area_A^2: 4105.43  
Number_of_pockets: 4 Pocket_surface_area_A^2: 0  0.0113298  0.000985203  0  
