@ ./zeo_outputs/20040N2_ddec.cif.sa Unitcell_volume: 10281.4   Density: 0.464398   ASA_A^2: 2301.66 ASA_m^2/cm^3: 2238.66 ASA_m^2/g: 4820.56 NASA_A^2: 0.248687 NASA_m^2/cm^3: 0.24188 NASA_m^2/g: 0.520846
Number_of_channels: 1 Channel_surface_area_A^2: 2301.66  
Number_of_pockets: 7 Pocket_surface_area_A^2: 0.00344821  0.00710772  0.0330584  0.0893541  0.00344821  0.0655625  0.0467078  
