@ ./zeo_outputs/20050N2_ddec.cif.sa Unitcell_volume: 17272   Density: 0.436575   ASA_A^2: 3406.09 ASA_m^2/cm^3: 1972.03 ASA_m^2/g: 4517.04 NASA_A^2: 0.0121729 NASA_m^2/cm^3: 0.00704775 NASA_m^2/g: 0.0161432
Number_of_channels: 1 Channel_surface_area_A^2: 3406.09  
Number_of_pockets: 1 Pocket_surface_area_A^2: 0.0121729  
