@ ./zeo_outputs/20052N2_ddec.cif.sa Unitcell_volume: 17061   Density: 0.46593   ASA_A^2: 3285.32 ASA_m^2/cm^3: 1925.63 ASA_m^2/g: 4132.87 NASA_A^2: 0.13218 NASA_m^2/cm^3: 0.0774751 NASA_m^2/g: 0.16628
Number_of_channels: 1 Channel_surface_area_A^2: 3285.32  
Number_of_pockets: 5 Pocket_surface_area_A^2: 0.00406155  0.00406155  0.0206893  0  0.103368  
