@ ./zeo_outputs/20051N2_ddec.cif.sa Unitcell_volume: 17104.7   Density: 0.462854   ASA_A^2: 3319.38 ASA_m^2/cm^3: 1940.62 ASA_m^2/g: 4192.72 NASA_A^2: 0.166373 NASA_m^2/cm^3: 0.097267 NASA_m^2/g: 0.210146
Number_of_channels: 1 Channel_surface_area_A^2: 3319.38  
Number_of_pockets: 4 Pocket_surface_area_A^2: 0.00304616  0.00695679  0.00101539  0.155354  
