@ ./zeo_outputs/20070N2_ddec.cif.sa Unitcell_volume: 3957.43   Density: 0.38141   ASA_A^2: 589.866 ASA_m^2/cm^3: 1490.53 ASA_m^2/g: 3907.93 NASA_A^2: 0.211339 NASA_m^2/cm^3: 0.534031 NASA_m^2/g: 1.40015
Number_of_channels: 1 Channel_surface_area_A^2: 589.866  
Number_of_pockets: 3 Pocket_surface_area_A^2: 0.0782049  0.132642  0.000492602  
