@ ./zeo_outputs/20080N2_ddec.cif.sa Unitcell_volume: 5854.17   Density: 0.598471   ASA_A^2: 1118.34 ASA_m^2/cm^3: 1910.33 ASA_m^2/g: 3192.02 NASA_A^2: 1.13934 NASA_m^2/cm^3: 1.94621 NASA_m^2/g: 3.25197
Number_of_channels: 1 Channel_surface_area_A^2: 1118.34  
Number_of_pockets: 22 Pocket_surface_area_A^2: 0.0132  0.241627  0.00101539  0  0.280515  0.197638  0  0.128785  0.116734  0.133109  0  0  0  0.00507694  0.00304616  0  0.00861734  0.00203078  0.00185706  0.00203078  0.00406155  0  
