@ ./zeo_outputs/20080N2_ddec.cif.vol Unitcell_volume: 5854.17   Density: 0.598471   AV_A^3: 4683.33 AV_Volume_fraction: 0.8 AV_cm^3/g: 1.33674 NAV_A^3: 0 NAV_Volume_fraction: 0 NAV_cm^3/g: 0
Number_of_channels: 1 Channel_volume_A^3: 4683.33  
Number_of_pockets: 22 Pocket_volume_A^3: 0  0  0  0  0  0  0  0  0  0  0  0  0  0  0  0  0  0  0  0  0  0  
