@ ./zeo_outputs/20090N2_ddec.cif.sa Unitcell_volume: 6442.53   Density: 0.631722   ASA_A^2: 1810.62 ASA_m^2/cm^3: 2810.42 ASA_m^2/g: 4448.82 NASA_A^2: 0.0822464 NASA_m^2/cm^3: 0.127662 NASA_m^2/g: 0.202085
Number_of_channels: 1 Channel_surface_area_A^2: 1810.62  
Number_of_pockets: 5 Pocket_surface_area_A^2: 0.062954  0  0  0.00203078  0.0172616  
