@ ./zeo_outputs/20091N2_ddec.cif.sa Unitcell_volume: 6357.43   Density: 0.684052   ASA_A^2: 1745.97 ASA_m^2/cm^3: 2746.34 ASA_m^2/g: 4014.81 NASA_A^2: 5.09401 NASA_m^2/cm^3: 8.01269 NASA_m^2/g: 11.7136
Number_of_channels: 1 Channel_surface_area_A^2: 1745.97  
Number_of_pockets: 5 Pocket_surface_area_A^2: 1.13436  1.4699  1.22101  0.974294  0.294457  
