@ ./zeo_outputs/20091N2_ddec.cif.vol Unitcell_volume: 6357.43   Density: 0.684052   AV_A^3: 3532.95 AV_Volume_fraction: 0.55572 AV_cm^3/g: 0.812395 NAV_A^3: 0.127149 NAV_Volume_fraction: 2e-05 NAV_cm^3/g: 2.92376e-05
Number_of_channels: 1 Channel_volume_A^3: 3532.95  
Number_of_pockets: 5 Pocket_volume_A^3: 0.127149  0  0  0  0  
