@ ./zeo_outputs/20113N3_ddec.cif.sa Unitcell_volume: 53906.9   Density: 0.111027   ASA_A^2: 3804.74 ASA_m^2/cm^3: 705.797 ASA_m^2/g: 6357.01 NASA_A^2: 0.000985203 NASA_m^2/cm^3: 0.00018276 NASA_m^2/g: 0.00164609
Number_of_channels: 1 Channel_surface_area_A^2: 3804.74  
Number_of_pockets: 1 Pocket_surface_area_A^2: 0.000985203  
