@ ./zeo_outputs/20121N3_ddec.cif.vol Unitcell_volume: 7252.18   Density: 0.939067   AV_A^3: 2925.53 AV_Volume_fraction: 0.4034 AV_cm^3/g: 0.429575 NAV_A^3: 0.290087 NAV_Volume_fraction: 4e-05 NAV_cm^3/g: 4.25955e-05
Number_of_channels: 1 Channel_volume_A^3: 2925.53  
Number_of_pockets: 23 Pocket_volume_A^3: 0.145044  0  0  0  0  0  0  0  0  0  0  0  0.145044  0  0  0  0  0  0  0  0  0  0  
