@ ./zeo_outputs/20121N3_ddec.cif.sa Unitcell_volume: 7252.18   Density: 0.939067   ASA_A^2: 2013.21 ASA_m^2/cm^3: 2776.01 ASA_m^2/g: 2956.14 NASA_A^2: 7.27118 NASA_m^2/cm^3: 10.0262 NASA_m^2/g: 10.6768
Number_of_channels: 1 Channel_surface_area_A^2: 2013.21  
Number_of_pockets: 23 Pocket_surface_area_A^2: 0.858007  0.784076  1.03637  0  0  0.0189  0.0153008  0.00689642  0.982789  0.000492602  0.0954947  0.00197041  0.868624  0.888037  0.026842  0.000492602  0.801629  0.873891  0.000985203  0.00889702  0  0.000985203  0.000492602  
