@ ./zeo_outputs/20121N3_ddec.cif.vol Unitcell_volume: 7252.18   Density: 0.939067   AV_A^3: 3626.09 AV_Volume_fraction: 0.5 AV_cm^3/g: 0.532443 NAV_A^3: 0 NAV_Volume_fraction: 0 NAV_cm^3/g: 0
Number_of_channels: 1 Channel_volume_A^3: 3626.09  
Number_of_pockets: 23 Pocket_volume_A^3: 0  0  0  0  0  0  0  0  0  0  0  0  0  0  0  0  0  0  0  0  0  0  0  
