@ ./zeo_outputs/20141N2_ddec.cif.vol Unitcell_volume: 4662.5   Density: 0.81013   AV_A^3: 2106.8 AV_Volume_fraction: 0.45186 AV_cm^3/g: 0.557762 NAV_A^3: 0.09325 NAV_Volume_fraction: 2e-05 NAV_cm^3/g: 2.46874e-05
Number_of_channels: 1 Channel_volume_A^3: 2106.8  
Number_of_pockets: 3 Pocket_volume_A^3: 0  0.09325  0  
