@ ./zeo_outputs/20142N2_ddec.cif.vol Unitcell_volume: 4649.54   Density: 0.772312   AV_A^3: 2261.35 AV_Volume_fraction: 0.48636 AV_cm^3/g: 0.629745 NAV_A^3: 0.0929908 NAV_Volume_fraction: 2e-05 NAV_cm^3/g: 2.58963e-05
Number_of_channels: 1 Channel_volume_A^3: 2261.35  
Number_of_pockets: 12 Pocket_volume_A^3: 0  0  0  0  0  0  0  0  0  0  0  0.0929908  
