@ ./zeo_outputs/20142N2_ddec.cif.sa Unitcell_volume: 4649.54   Density: 0.772312   ASA_A^2: 1479.41 ASA_m^2/cm^3: 3181.85 ASA_m^2/g: 4119.9 NASA_A^2: 2.75139 NASA_m^2/cm^3: 5.91756 NASA_m^2/g: 7.66214
Number_of_channels: 1 Channel_surface_area_A^2: 1479.41  
Number_of_pockets: 12 Pocket_surface_area_A^2: 0.721671  0  1.30286  0  0.00913849  0.00507694  0  0.0536441  0  0.0223385  0.00507694  0.631586  
