@ ./zeo_outputs/20140N2_ddec.cif.sa Unitcell_volume: 4497.93   Density: 0.819057   ASA_A^2: 1460.44 ASA_m^2/cm^3: 3246.91 ASA_m^2/g: 3964.2 NASA_A^2: 0.742115 NASA_m^2/cm^3: 1.6499 NASA_m^2/g: 2.01439
Number_of_channels: 1 Channel_surface_area_A^2: 1460.44  
Number_of_pockets: 3 Pocket_surface_area_A^2: 0.742115  0  0  
