@ ./zeo_outputs/20141N2_ddec.cif.sa Unitcell_volume: 4662.5   Density: 0.81013   ASA_A^2: 1562.33 ASA_m^2/cm^3: 3350.84 ASA_m^2/g: 4136.18 NASA_A^2: 2.03095 NASA_m^2/cm^3: 4.35593 NASA_m^2/g: 5.37683
Number_of_channels: 1 Channel_surface_area_A^2: 1562.33  
Number_of_pockets: 3 Pocket_surface_area_A^2: 0.000985203  2.01667  0.0133002  
