@ ./zeo_outputs/20150N2_ddec.cif.sa Unitcell_volume: 9166.91   Density: 0.570294   ASA_A^2: 2410.6 ASA_m^2/cm^3: 2629.68 ASA_m^2/g: 4611.1 NASA_A^2: 0.0330525 NASA_m^2/cm^3: 0.0360563 NASA_m^2/g: 0.0632241
Number_of_channels: 1 Channel_surface_area_A^2: 2410.6  
Number_of_pockets: 5 Pocket_surface_area_A^2: 0  0.00304616  0.00406155  0.00507694  0.0208678  
