@ ./zeo_outputs/20153N2_ddec.cif.vol Unitcell_volume: 7927.6   Density: 0.656863   AV_A^3: 4692.35 AV_Volume_fraction: 0.5919 AV_cm^3/g: 0.901102 NAV_A^3: 0.158552 NAV_Volume_fraction: 2e-05 NAV_cm^3/g: 3.04478e-05
Number_of_channels: 1 Channel_volume_A^3: 4692.35  
Number_of_pockets: 35 Pocket_volume_A^3: 0  0  0  0  0  0  0  0  0  0  0  0  0  0  0  0  0  0  0  0  0  0  0  0  0  0  0  0  0  0  0.158552  0  0  0  0  
