@ ./zeo_outputs/20152N2_ddec.cif.sa Unitcell_volume: 8871.48   Density: 0.591504   ASA_A^2: 2341.9 ASA_m^2/cm^3: 2639.81 ASA_m^2/g: 4462.88 NASA_A^2: 0.0081231 NASA_m^2/cm^3: 0.00915643 NASA_m^2/g: 0.0154799
Number_of_channels: 1 Channel_surface_area_A^2: 2341.9  
Number_of_pockets: 4 Pocket_surface_area_A^2: 0  0  0.00304616  0.00507694  
