@ ./zeo_outputs/20153N2_ddec.cif.sa Unitcell_volume: 7927.6   Density: 0.656863   ASA_A^2: 1839.91 ASA_m^2/cm^3: 2320.89 ASA_m^2/g: 3533.3 NASA_A^2: 4.14523 NASA_m^2/cm^3: 5.22886 NASA_m^2/g: 7.96036
Number_of_channels: 1 Channel_surface_area_A^2: 1839.91  
Number_of_pockets: 35 Pocket_surface_area_A^2: 0.0477232  0.0142154  0.0436617  0  0  0.0467078  0  0.00609233  0  0.00101539  0.0233539  0.164493  0.062954  0.159416  0.200031  0.122778  0.0121847  0.00147781  0.389909  0  0  0.0345232  0.0426463  0.00101539  0.738187  0.891082  0.0588925  0.0690464  0.165508  0.0446771  0.586432  0.209895  0.00304616  0.00203078  0.00223787  
