@ ./zeo_outputs/20151N2_ddec.cif.sa Unitcell_volume: 8476.33   Density: 0.612017   ASA_A^2: 1965.73 ASA_m^2/cm^3: 2319.08 ASA_m^2/g: 3789.24 NASA_A^2: 15.412 NASA_m^2/cm^3: 18.1823 NASA_m^2/g: 29.7089
Number_of_channels: 1 Channel_surface_area_A^2: 1965.73  
Number_of_pockets: 9 Pocket_surface_area_A^2: 2.43458  1.99564  0  1.78251  2.22833  1.82662  1.87762  1.72804  1.5386  
