@ ./zeo_outputs/20161N2_ddec.cif.sa Unitcell_volume: 9345.39   Density: 0.631882   ASA_A^2: 2617.4 ASA_m^2/cm^3: 2800.74 ASA_m^2/g: 4432.38 NASA_A^2: 14.1896 NASA_m^2/cm^3: 15.1835 NASA_m^2/g: 24.029
Number_of_channels: 1 Channel_surface_area_A^2: 2617.4  
Number_of_pockets: 10 Pocket_surface_area_A^2: 1.90438  1.43706  1.44602  1.55978  0.00203078  1.80861  1.36201  1.35437  1.54363  1.77167  
