@ ./zeo_outputs/20166N2_ddec.cif.vol Unitcell_volume: 8807.75   Density: 0.507323   AV_A^3: 5856.98 AV_Volume_fraction: 0.66498 AV_cm^3/g: 1.31076 NAV_A^3: 0.176155 NAV_Volume_fraction: 2e-05 NAV_cm^3/g: 3.94226e-05
Number_of_channels: 1 Channel_volume_A^3: 5856.98  
Number_of_pockets: 6 Pocket_volume_A^3: 0  0  0  0  0.176155  0  
