@ ./zeo_outputs/20168N2_ddec.cif.sa Unitcell_volume: 9249.8   Density: 0.639122   ASA_A^2: 2600.47 ASA_m^2/cm^3: 2811.38 ASA_m^2/g: 4398.81 NASA_A^2: 12.0355 NASA_m^2/cm^3: 13.0116 NASA_m^2/g: 20.3586
Number_of_channels: 1 Channel_surface_area_A^2: 2600.47  
Number_of_pockets: 12 Pocket_surface_area_A^2: 1.48311  1.48936  0.0253847  0  1.84654  0.753004  1.92396  0.830294  0  1.8156  1.84589  0.0223385  
