@ ./zeo_outputs/20162N2_ddec.cif.vol Unitcell_volume: 9321   Density: 0.631381   AV_A^3: 5309.62 AV_Volume_fraction: 0.56964 AV_cm^3/g: 0.902213 NAV_A^3: 0 NAV_Volume_fraction: 0 NAV_cm^3/g: 0
Number_of_channels: 1 Channel_volume_A^3: 5309.62  
Number_of_pockets: 16 Pocket_volume_A^3: 0  0  0  0  0  0  0  0  0  0  0  0  0  0  0  0  
