@ ./zeo_outputs/20160N2_ddec.cif.vol Unitcell_volume: 10499.9   Density: 0.524385   AV_A^3: 6864.62 AV_Volume_fraction: 0.65378 AV_cm^3/g: 1.24676 NAV_A^3: 0.209998 NAV_Volume_fraction: 2e-05 NAV_cm^3/g: 3.81399e-05
Number_of_channels: 1 Channel_volume_A^3: 6864.62  
Number_of_pockets: 8 Pocket_volume_A^3: 0  0.209998  0  0  0  0  0  0  
