@ ./zeo_outputs/20169N2_ddec.cif.sa Unitcell_volume: 9277.35   Density: 0.572732   ASA_A^2: 2464.5 ASA_m^2/cm^3: 2656.47 ASA_m^2/g: 4638.24 NASA_A^2: 3.45858 NASA_m^2/cm^3: 3.72798 NASA_m^2/g: 6.50911
Number_of_channels: 1 Channel_surface_area_A^2: 2464.5  
Number_of_pockets: 10 Pocket_surface_area_A^2: 0.00406155  0.000492602  0  1.08168  0  0  0  2.36118  0.0111693  0  
