@ ./zeo_outputs/20164N2_ddec.cif.sa Unitcell_volume: 8915.86   Density: 0.498963   ASA_A^2: 1909.45 ASA_m^2/cm^3: 2141.63 ASA_m^2/g: 4292.17 NASA_A^2: 2.4627 NASA_m^2/cm^3: 2.76216 NASA_m^2/g: 5.5358
Number_of_channels: 1 Channel_surface_area_A^2: 1909.45  
Number_of_pockets: 10 Pocket_surface_area_A^2: 0.0499399  0.46661  0  0.119816  0.00197041  1.01907  0.0138834  0.724021  0.050587  0.016808  
