@ ./zeo_outputs/2016bN2_ddec.cif.sa Unitcell_volume: 9608.57   Density: 0.401406   ASA_A^2: 1797.46 ASA_m^2/cm^3: 1870.68 ASA_m^2/g: 4660.32 NASA_A^2: 1.45066 NASA_m^2/cm^3: 1.50976 NASA_m^2/g: 3.76118
Number_of_channels: 1 Channel_surface_area_A^2: 1797.46  
Number_of_pockets: 6 Pocket_surface_area_A^2: 0  0.474072  0.107631  0  0.725123  0.143838  
