@ ./zeo_outputs/20160N2_ddec.cif.sa Unitcell_volume: 10499.9   Density: 0.524385   ASA_A^2: 2574.22 ASA_m^2/cm^3: 2451.67 ASA_m^2/g: 4675.32 NASA_A^2: 3.24438 NASA_m^2/cm^3: 3.08992 NASA_m^2/g: 5.89246
Number_of_channels: 1 Channel_surface_area_A^2: 2574.22  
Number_of_pockets: 8 Pocket_surface_area_A^2: 0.266504  0.419777  0.811776  0.549112  0  0.487913  0.709296  0  
