@ ./zeo_outputs/20165N2_ddec.cif.sa Unitcell_volume: 8789.74   Density: 0.438053   ASA_A^2: 1758.53 ASA_m^2/cm^3: 2000.66 ASA_m^2/g: 4567.18 NASA_A^2: 0.0406155 NASA_m^2/cm^3: 0.0462078 NASA_m^2/g: 0.105485
Number_of_channels: 1 Channel_surface_area_A^2: 1758.53  
Number_of_pockets: 1 Pocket_surface_area_A^2: 0.0406155  
