@ ./zeo_outputs/20167N2_ddec.cif.sa Unitcell_volume: 9320.89   Density: 0.569353   ASA_A^2: 2434.53 ASA_m^2/cm^3: 2611.91 ASA_m^2/g: 4587.5 NASA_A^2: 5.89958 NASA_m^2/cm^3: 6.32942 NASA_m^2/g: 11.1169
Number_of_channels: 1 Channel_surface_area_A^2: 2434.53  
Number_of_pockets: 6 Pocket_surface_area_A^2: 1.7925  0  1.72024  0  2.38684  0  
