@ ./zeo_outputs/20161N2_ddec.cif.vol Unitcell_volume: 9345.39   Density: 0.631882   AV_A^3: 5320.33 AV_Volume_fraction: 0.5693 AV_cm^3/g: 0.900959 NAV_A^3: 0.373816 NAV_Volume_fraction: 4e-05 NAV_cm^3/g: 6.33029e-05
Number_of_channels: 1 Channel_volume_A^3: 5320.33  
Number_of_pockets: 10 Pocket_volume_A^3: 0.186908  0  0  0  0  0  0  0  0  0.186908  
