@ ./zeo_outputs/20162N2_ddec.cif.sa Unitcell_volume: 9321   Density: 0.631381   ASA_A^2: 2671.51 ASA_m^2/cm^3: 2866.12 ASA_m^2/g: 4539.44 NASA_A^2: 3.50408 NASA_m^2/cm^3: 3.75934 NASA_m^2/g: 5.95415
Number_of_channels: 1 Channel_surface_area_A^2: 2671.51  
Number_of_pockets: 16 Pocket_surface_area_A^2: 1.63622  0.0974965  0.154339  0.0121847  0.148247  0  0.00304616  0.00304616  0.00913849  0.123877  0  0  1.17433  0  0.00609233  0.136062  
