@ ./zeo_outputs/20166N2_ddec.cif.sa Unitcell_volume: 8807.75   Density: 0.507323   ASA_A^2: 1877.17 ASA_m^2/cm^3: 2131.27 ASA_m^2/g: 4201.02 NASA_A^2: 0.526735 NASA_m^2/cm^3: 0.598036 NASA_m^2/g: 1.17881
Number_of_channels: 1 Channel_surface_area_A^2: 1877.17  
Number_of_pockets: 6 Pocket_surface_area_A^2: 0.0111693  0.0518115  0  0.00406155  0.457692  0.00200059  
