@ ./zeo_outputs/2016aN2_ddec.cif.sa Unitcell_volume: 8595.05   Density: 0.51835   ASA_A^2: 1836.88 ASA_m^2/cm^3: 2137.14 ASA_m^2/g: 4122.97 NASA_A^2: 0.542878 NASA_m^2/cm^3: 0.631617 NASA_m^2/g: 1.21851
Number_of_channels: 1 Channel_surface_area_A^2: 1836.88  
Number_of_pockets: 10 Pocket_surface_area_A^2: 0.265926  0.00295561  0  0.130646  0  0  0.0590724  0  0  0.0842772  
