@ ./zeo_outputs/20170N2_ddec.cif.sa Unitcell_volume: 8225.74   Density: 0.617743   ASA_A^2: 1957.38 ASA_m^2/cm^3: 2379.58 ASA_m^2/g: 3852.05 NASA_A^2: 0.958164 NASA_m^2/cm^3: 1.16484 NASA_m^2/g: 1.88563
Number_of_channels: 1 Channel_surface_area_A^2: 1957.38  
Number_of_pockets: 11 Pocket_surface_area_A^2: 0.00406155  0.590489  0.347463  0.00853729  0.00304616  0  0.00259674  0.00197041  0  0  0  
