@ ./zeo_outputs/20172N2_ddec.cif.sa Unitcell_volume: 7582.93   Density: 0.775313   ASA_A^2: 2437.61 ASA_m^2/cm^3: 3214.6 ASA_m^2/g: 4146.19 NASA_A^2: 1.3324 NASA_m^2/cm^3: 1.7571 NASA_m^2/g: 2.26631
Number_of_channels: 1 Channel_surface_area_A^2: 2437.61  
Number_of_pockets: 14 Pocket_surface_area_A^2: 0.688365  0  0.0780782  0.0242024  0.00996687  0  0.456926  0.0033568  0.00223787  0.0544971  0  0  0.0107047  0.00406155  
