@ ./zeo_outputs/20180N2_ddec.cif.sa Unitcell_volume: 5299.47   Density: 0.558898   ASA_A^2: 1393.85 ASA_m^2/cm^3: 2630.16 ASA_m^2/g: 4705.98 NASA_A^2: 0.00238892 NASA_m^2/cm^3: 0.00450785 NASA_m^2/g: 0.0080656
Number_of_channels: 1 Channel_surface_area_A^2: 1393.85  
Number_of_pockets: 1 Pocket_surface_area_A^2: 0.00238892  
