@ ./zeo_outputs/20182N2_ddec.cif.sa Unitcell_volume: 4527.67   Density: 0.54192   ASA_A^2: 1199.54 ASA_m^2/cm^3: 2649.35 ASA_m^2/g: 4888.83 NASA_A^2: 0.22237 NASA_m^2/cm^3: 0.491135 NASA_m^2/g: 0.906288
Number_of_channels: 1 Channel_surface_area_A^2: 1199.54  
Number_of_pockets: 3 Pocket_surface_area_A^2: 0.00203078  0.220339  0  
