@ ./zeo_outputs/20191N2_ddec.cif.sa Unitcell_volume: 11106.7   Density: 0.377262   ASA_A^2: 1715.88 ASA_m^2/cm^3: 1544.9 ASA_m^2/g: 4095.04 NASA_A^2: 1.27094 NASA_m^2/cm^3: 1.1443 NASA_m^2/g: 3.03317
Number_of_channels: 1 Channel_surface_area_A^2: 1715.88  
Number_of_pockets: 12 Pocket_surface_area_A^2: 0.26197  0.215262  0.0101539  0  0.00246301  0  0.0152308  0.471379  0.120748  0.0244729  0.149262  0  
