@ ./zeo_outputs/20190N2_ddec.cif.sa Unitcell_volume: 7968.41   Density: 0.423158   ASA_A^2: 1477.9 ASA_m^2/cm^3: 1854.69 ASA_m^2/g: 4382.98 NASA_A^2: 0.564835 NASA_m^2/cm^3: 0.708842 NASA_m^2/g: 1.67512
Number_of_channels: 1 Channel_surface_area_A^2: 1477.9  
Number_of_pockets: 4 Pocket_surface_area_A^2: 0.018277  0.0913849  0.00710772  0.448065  
