@ ./zeo_outputs/20202N2_ddec.cif.sa Unitcell_volume: 9618.58   Density: 0.394082   ASA_A^2: 1701.28 ASA_m^2/cm^3: 1768.75 ASA_m^2/g: 4488.27 NASA_A^2: 0.0436617 NASA_m^2/cm^3: 0.045393 NASA_m^2/g: 0.115187
Number_of_channels: 1 Channel_surface_area_A^2: 1701.28  
Number_of_pockets: 4 Pocket_surface_area_A^2: 0.0324924  0.00203078  0  0.00913849  
