@ ./zeo_outputs/20203N2_ddec.cif.sa Unitcell_volume: 17854   Density: 0.467079   ASA_A^2: 3904.19 ASA_m^2/cm^3: 2186.74 ASA_m^2/g: 4681.72 NASA_A^2: 1.06348 NASA_m^2/cm^3: 0.595653 NASA_m^2/g: 1.27527
Number_of_channels: 1 Channel_surface_area_A^2: 3904.19  
Number_of_pockets: 11 Pocket_surface_area_A^2: 0.00295561  0.0543082  0.00246301  0.00406155  0.229478  0.283713  0.134532  0.0335078  0.214054  0.00591122  0.0984926  
