@ ./zeo_outputs/20201N2_ddec.cif.vol Unitcell_volume: 9495.27   Density: 0.600893   AV_A^3: 5697.16 AV_Volume_fraction: 0.6 AV_cm^3/g: 0.998514 NAV_A^3: 0 NAV_Volume_fraction: 0 NAV_cm^3/g: 0
Number_of_channels: 1 Channel_volume_A^3: 5697.16  
Number_of_pockets: 18 Pocket_volume_A^3: 0  0  0  0  0  0  0  0  0  0  0  0  0  0  0  0  0  0  
