@ ./zeo_outputs/20201N2_ddec.cif.sa Unitcell_volume: 9495.27   Density: 0.600893   ASA_A^2: 2171.26 ASA_m^2/cm^3: 2286.68 ASA_m^2/g: 3805.46 NASA_A^2: 9.73963 NASA_m^2/cm^3: 10.2574 NASA_m^2/g: 17.0702
Number_of_channels: 1 Channel_surface_area_A^2: 2171.26  
Number_of_pockets: 18 Pocket_surface_area_A^2: 1.0753  0.00203078  1.19003  0.00609233  0  0.0741233  0.0649848  0.00304616  0.00609233  1.23471  1.14568  1.08636  1.14028  1.1438  0.144185  1.32238  0.0375694  0.062954  
