@ ./zeo_outputs/20201N2_ddec.cif.vol Unitcell_volume: 9495.27   Density: 0.600893   AV_A^3: 5676.46 AV_Volume_fraction: 0.59782 AV_cm^3/g: 0.994886 NAV_A^3: 0.569716 NAV_Volume_fraction: 6e-05 NAV_cm^3/g: 9.98514e-05
Number_of_channels: 1 Channel_volume_A^3: 5676.46  
Number_of_pockets: 18 Pocket_volume_A^3: 0  0  0  0  0  0  0  0  0  0  0.379811  0  0.189905  0  0  0  0  0  
