@ ./zeo_outputs/20220N2_ddec.cif.sa Unitcell_volume: 6843.7   Density: 0.539296   ASA_A^2: 1606.35 ASA_m^2/cm^3: 2347.19 ASA_m^2/g: 4352.32 NASA_A^2: 0.0793952 NASA_m^2/cm^3: 0.116012 NASA_m^2/g: 0.215118
Number_of_channels: 1 Channel_surface_area_A^2: 1606.35  
Number_of_pockets: 7 Pocket_surface_area_A^2: 0.0114552  0.00855491  0.0528002  0.00609233  0  0  0.000492602  
