@ ./zeo_outputs/20261N3_ddec.cif.vol Unitcell_volume: 11670.8   Density: 0.779671   AV_A^3: 5641.64 AV_Volume_fraction: 0.4834 AV_cm^3/g: 0.620005 NAV_A^3: 0.93366 NAV_Volume_fraction: 8e-05 NAV_cm^3/g: 0.000102607
Number_of_channels: 4 Channel_volume_A^3: 1436.9  1374.11  1408.66  1421.96  
Number_of_pockets: 46 Pocket_volume_A^3: 0  0  0  0  0  0  0  0  0  0  0  0  0  0  0  0  0  0.233415  0  0  0  0  0  0.46683  0  0  0  0  0  0  0  0  0.233415  0  0  0  0  0  0  0  0  0  0  0  0  0  
