@ ./zeo_outputs/20260N3_ddec.cif.vol Unitcell_volume: 8566.44   Density: 0.9442   AV_A^3: 3250.45 AV_Volume_fraction: 0.37944 AV_cm^3/g: 0.401864 NAV_A^3: 0.171329 NAV_Volume_fraction: 2e-05 NAV_cm^3/g: 2.11819e-05
Number_of_channels: 4 Channel_volume_A^3: 811.071  809.529  807.473  822.379  
Number_of_pockets: 40 Pocket_volume_A^3: 0  0  0  0  0  0  0  0  0  0  0  0  0  0  0  0  0  0  0  0  0.171329  0  0  0  0  0  0  0  0  0  0  0  0  0  0  0  0  0  0  0  
