@ ./zeo_outputs/20261N3_ddec.cif.sa Unitcell_volume: 11670.8   Density: 0.779671   ASA_A^2: 2694.24 ASA_m^2/cm^3: 2308.54 ASA_m^2/g: 2960.91 NASA_A^2: 13.2555 NASA_m^2/cm^3: 11.3579 NASA_m^2/g: 14.5676
Number_of_channels: 4 Channel_surface_area_A^2: 671.29  680.44  672.441  670.067  
Number_of_pockets: 46 Pocket_surface_area_A^2: 0.112465  0.670193  1.04351  0.0205891  0.0272138  0.00147781  0.822996  0.00394081  0.0670156  0.194262  0.0893541  0.00252338  0.00101539  0.00649438  0.0257662  0.26048  1.10307  0.694558  0.0192115  0.20776  0.292706  0.289704  1.00403  0.670151  0.0194228  0.00591122  1.02118  1.08202  0.0206193  0.0799126  0.00788163  0.00985203  0.72068  0.716379  0.0649848  0.0516435  0.0942584  0  0.119985  0.704976  0.71056  0  0.00541862  0.11728  0.0720925  0  
