@ ./zeo_outputs/20260N3_ddec.cif.sa Unitcell_volume: 8566.44   Density: 0.9442   ASA_A^2: 2242.72 ASA_m^2/cm^3: 2618.03 ASA_m^2/g: 2772.74 NASA_A^2: 7.73623 NASA_m^2/cm^3: 9.03086 NASA_m^2/g: 9.56456
Number_of_channels: 4 Channel_surface_area_A^2: 562.875  558.958  562.672  558.212  
Number_of_pockets: 40 Pocket_surface_area_A^2: 0.0327834  0.339325  0.0660002  0.0771284  0.348268  0.473061  0.11521  0.454364  0.123233  0.41862  0.173177  0.00541862  0.465202  0.0548309  0.0640793  0.0649848  0.155634  0.00492602  0.430199  0.104333  0.43145  0  0.000492602  0.439288  0.0495222  0.0703527  0.319739  0.0319491  0.0174222  0.431173  0.0279479  0.443598  0.0488787  0.0802156  0.316278  0.00935943  0.282653  0.459097  0.306039  0  
