@ ./zeo_outputs/20282N2_ddec.cif.sa Unitcell_volume: 11883.4   Density: 0.499172   ASA_A^2: 2655.62 ASA_m^2/cm^3: 2234.72 ASA_m^2/g: 4476.85 NASA_A^2: 4.8088 NASA_m^2/cm^3: 4.04663 NASA_m^2/g: 8.1067
Number_of_channels: 1 Channel_surface_area_A^2: 2655.62  
Number_of_pockets: 8 Pocket_surface_area_A^2: 0  0.0461142  0.00101539  1.90121  0.0167388  2.77237  0.00101539  0.0703376  
