@ ./zeo_outputs/20281N2_ddec.cif.sa Unitcell_volume: 12379.7   Density: 0.47916   ASA_A^2: 2841.98 ASA_m^2/cm^3: 2295.67 ASA_m^2/g: 4791.02 NASA_A^2: 0.16957 NASA_m^2/cm^3: 0.136974 NASA_m^2/g: 0.285862
Number_of_channels: 1 Channel_surface_area_A^2: 2841.98  
Number_of_pockets: 3 Pocket_surface_area_A^2: 0.0731079  0.00710772  0.0893541  
