@ ./zeo_outputs/20280N2_ddec.cif.sa Unitcell_volume: 7348.73   Density: 0.620781   ASA_A^2: 2250.17 ASA_m^2/cm^3: 3061.98 ASA_m^2/g: 4932.47 NASA_A^2: 0.0507694 NASA_m^2/cm^3: 0.069086 NASA_m^2/g: 0.111289
Number_of_channels: 1 Channel_surface_area_A^2: 2250.17  
Number_of_pockets: 3 Pocket_surface_area_A^2: 0  0.0507694  0  
