@ ./zeo_outputs/20300N2_ddec.cif.sa Unitcell_volume: 4909.64   Density: 0.501763   ASA_A^2: 1179.4 ASA_m^2/cm^3: 2402.21 ASA_m^2/g: 4787.53 NASA_A^2: 0.236585 NASA_m^2/cm^3: 0.481879 NASA_m^2/g: 0.960371
Number_of_channels: 1 Channel_surface_area_A^2: 1179.4  
Number_of_pockets: 3 Pocket_surface_area_A^2: 0.101539  0  0.135047  
