@ ./zeo_outputs/20321N2_ddec.cif.sa Unitcell_volume: 7816.5   Density: 0.467003   ASA_A^2: 1337.64 ASA_m^2/cm^3: 1711.31 ASA_m^2/g: 3664.45 NASA_A^2: 0.284847 NASA_m^2/cm^3: 0.364418 NASA_m^2/g: 0.780333
Number_of_channels: 1 Channel_surface_area_A^2: 1337.64  
Number_of_pockets: 9 Pocket_surface_area_A^2: 0.145871  0.000492602  0.112083  0  0.00507694  0.00609233  0  0.0152308  0  
