@ ./zeo_outputs/20320N2_ddec.cif.sa Unitcell_volume: 11924.6   Density: 0.342964   ASA_A^2: 1857.95 ASA_m^2/cm^3: 1558.08 ASA_m^2/g: 4542.99 NASA_A^2: 0.33914 NASA_m^2/cm^3: 0.284404 NASA_m^2/g: 0.829251
Number_of_channels: 1 Channel_surface_area_A^2: 1857.95  
Number_of_pockets: 2 Pocket_surface_area_A^2: 0.141139  0.198001  
