@ ./zeo_outputs/20331N2_ddec.cif.vol Unitcell_volume: 3908.46   Density: 0.53257   AV_A^3: 2467.1 AV_Volume_fraction: 0.63122 AV_cm^3/g: 1.18523 NAV_A^3: 2.18874 NAV_Volume_fraction: 0.00056 NAV_cm^3/g: 0.0010515
Number_of_channels: 1 Channel_volume_A^3: 2467.1  
Number_of_pockets: 1 Pocket_volume_A^3: 2.18874  
