@ ./zeo_outputs/20341N2_ddec.cif.sa Unitcell_volume: 5526.09   Density: 0.54873   ASA_A^2: 1246.57 ASA_m^2/cm^3: 2255.8 ASA_m^2/g: 4110.95 NASA_A^2: 0.0243693 NASA_m^2/cm^3: 0.0440987 NASA_m^2/g: 0.080365
Number_of_channels: 1 Channel_surface_area_A^2: 1246.57  
Number_of_pockets: 4 Pocket_surface_area_A^2: 0  0.00507694  0.0081231  0.0111693  
