@ ./zeo_outputs/20340N2_ddec.cif.sa Unitcell_volume: 3917.31   Density: 0.695968   ASA_A^2: 1042.35 ASA_m^2/cm^3: 2660.88 ASA_m^2/g: 3823.28 NASA_A^2: 0.262633 NASA_m^2/cm^3: 0.670442 NASA_m^2/g: 0.963323
Number_of_channels: 1 Channel_surface_area_A^2: 1042.35  
Number_of_pockets: 5 Pocket_surface_area_A^2: 0.136062  0.0081231  0.0132  0.105248  0  
