@ ./zeo_outputs/20361N2_ddec.cif.sa Unitcell_volume: 5310.12   Density: 0.571047   ASA_A^2: 1151.55 ASA_m^2/cm^3: 2168.6 ASA_m^2/g: 3797.59 NASA_A^2: 0.181754 NASA_m^2/cm^3: 0.342279 NASA_m^2/g: 0.599389
Number_of_channels: 1 Channel_surface_area_A^2: 1151.55  
Number_of_pockets: 11 Pocket_surface_area_A^2: 0.00913849  0.140124  0.00101539  0.00710772  0  0  0.0121847  0.0101539  0.00101539  0  0.00101539  
