@ ./zeo_outputs/20360N2_ddec.cif.sa Unitcell_volume: 8747.8   Density: 0.43331   ASA_A^2: 1595.87 ASA_m^2/cm^3: 1824.31 ASA_m^2/g: 4210.17 NASA_A^2: 1.38439 NASA_m^2/cm^3: 1.58256 NASA_m^2/g: 3.65226
Number_of_channels: 1 Channel_surface_area_A^2: 1595.87  
Number_of_pockets: 13 Pocket_surface_area_A^2: 0.249785  0.0339278  0  0  0.00101539  0.366555  0  0.0152308  0.00304616  0.0792003  0  0.224401  0.411232  
