@ ./zeo_outputs/20362N2_ddec.cif.sa Unitcell_volume: 2247.21   Density: 0.78566   ASA_A^2: 697.531 ASA_m^2/cm^3: 3103.98 ASA_m^2/g: 3950.8 NASA_A^2: 0.459971 NASA_m^2/cm^3: 2.04685 NASA_m^2/g: 2.60526
Number_of_channels: 1 Channel_surface_area_A^2: 697.531  
Number_of_pockets: 5 Pocket_surface_area_A^2: 0.202062  0.0649848  0.0720925  0.120831  0  
