@ ./zeo_outputs/20380N2_ddec.cif.vol Unitcell_volume: 4966.96   Density: 0.654646   AV_A^3: 3182.03 AV_Volume_fraction: 0.64064 AV_cm^3/g: 0.978605 NAV_A^3: 0.0993392 NAV_Volume_fraction: 2e-05 NAV_cm^3/g: 3.05509e-05
Number_of_channels: 1 Channel_volume_A^3: 3182.03  
Number_of_pockets: 14 Pocket_volume_A^3: 0  0  0  0  0  0  0.0993392  0  0  0  0  0  0  0  
