@ ./zeo_outputs/20380N2_ddec.cif.sa Unitcell_volume: 4966.96   Density: 0.654646   ASA_A^2: 1024.41 ASA_m^2/cm^3: 2062.46 ASA_m^2/g: 3150.49 NASA_A^2: 2.48412 NASA_m^2/cm^3: 5.00129 NASA_m^2/g: 7.63969
Number_of_channels: 1 Channel_surface_area_A^2: 1024.41  
Number_of_pockets: 14 Pocket_surface_area_A^2: 0.716068  0.00580054  0.0531207  0.0430781  0.0799831  0.029593  0.762436  0.308934  0.211755  0  0.0532347  0.0461329  0.115199  0.0587848  
