@ ./zeo_outputs/20390N2_ddec.cif.sa Unitcell_volume: 17037.1   Density: 0.515094   ASA_A^2: 3326.09 ASA_m^2/cm^3: 1952.26 ASA_m^2/g: 3790.1 NASA_A^2: 3.02907 NASA_m^2/cm^3: 1.77792 NASA_m^2/g: 3.45164
Number_of_channels: 1 Channel_surface_area_A^2: 3326.09  
Number_of_pockets: 21 Pocket_surface_area_A^2: 2.85933  0  0  0.122011  0  0  0  0  0  0.00203078  0  0.018277  0  0  0.0121847  0.00203078  0  0  0  0.00203078  0.0111693  
