@ ./zeo_outputs/20390N2_ddec.cif.vol Unitcell_volume: 17037.1   Density: 0.515094   AV_A^3: 8518.56 AV_Volume_fraction: 0.5 AV_cm^3/g: 0.970697 NAV_A^3: 0 NAV_Volume_fraction: 0 NAV_cm^3/g: 0
Number_of_channels: 1 Channel_volume_A^3: 8518.56  
Number_of_pockets: 21 Pocket_volume_A^3: 0  0  0  0  0  0  0  0  0  0  0  0  0  0  0  0  0  0  0  0  0  
