@ ./zeo_outputs/20391N2_ddec.cif.vol Unitcell_volume: 16854.7   Density: 0.494729   AV_A^3: 11631.5 AV_Volume_fraction: 0.6901 AV_cm^3/g: 1.3949 NAV_A^3: 0.337095 NAV_Volume_fraction: 2e-05 NAV_cm^3/g: 4.04262e-05
Number_of_channels: 1 Channel_volume_A^3: 11631.5  
Number_of_pockets: 36 Pocket_volume_A^3: 0  0  0  0  0  0  0  0  0.337095  0  0  0  0  0  0  0  0  0  0  0  0  0  0  0  0  0  0  0  0  0  0  0  0  0  0  0  
