@ ./zeo_outputs/20391N2_ddec.cif.sa Unitcell_volume: 16854.7   Density: 0.494729   ASA_A^2: 3183.69 ASA_m^2/cm^3: 1888.9 ASA_m^2/g: 3818.05 NASA_A^2: 16.6163 NASA_m^2/cm^3: 9.85851 NASA_m^2/g: 19.9271
Number_of_channels: 1 Channel_surface_area_A^2: 3183.69  
Number_of_pockets: 36 Pocket_surface_area_A^2: 0  0  1.8541  1.48167  0  0.0324924  0  0  0.987972  0.455909  1.52004  0.00197041  0.132  1.47393  0.0132  0  0.47114  1.32914  0.41834  0.451848  0.337109  0.0446771  1.36126  0  0.0233539  0.524956  1.14028  0  0.488402  0.0264001  1.23784  0.336093  0  0.00203078  0  0.470125  
