@ ./zeo_outputs/20392N2_ddec.cif.sa Unitcell_volume: 16847.1   Density: 0.466584   ASA_A^2: 3210.35 ASA_m^2/cm^3: 1905.58 ASA_m^2/g: 4084.12 NASA_A^2: 15.8736 NASA_m^2/cm^3: 9.42218 NASA_m^2/g: 20.194
Number_of_channels: 1 Channel_surface_area_A^2: 3210.35  
Number_of_pockets: 38 Pocket_surface_area_A^2: 1.29665  0  0  1.26111  0  1.49021  1.53681  0.223273  0.31477  1.17277  0.292432  0  0.975788  0  0.495509  0.0375694  0  0  0  0  0.0558463  0.392955  0  0  1.34844  0.460986  0  1.38397  0.0253847  0.430524  1.70484  0  0.518863  0.440678  0  0  0  0.0142154  
