@ ./zeo_outputs/20390N2_ddec.cif.vol Unitcell_volume: 17037.1   Density: 0.515094   AV_A^3: 11636 AV_Volume_fraction: 0.68298 AV_cm^3/g: 1.32593 NAV_A^3: 0 NAV_Volume_fraction: 0 NAV_cm^3/g: 0
Number_of_channels: 1 Channel_volume_A^3: 11636  
Number_of_pockets: 21 Pocket_volume_A^3: 0  0  0  0  0  0  0  0  0  0  0  0  0  0  0  0  0  0  0  0  0  
