@ ./zeo_outputs/20403N2_ddec.cif.sa Unitcell_volume: 8200.62   Density: 0.61793   ASA_A^2: 2766.56 ASA_m^2/cm^3: 3373.6 ASA_m^2/g: 5459.51 NASA_A^2: 0.00203078 NASA_m^2/cm^3: 0.00247637 NASA_m^2/g: 0.00400752
Number_of_channels: 1 Channel_surface_area_A^2: 2766.56  
Number_of_pockets: 1 Pocket_surface_area_A^2: 0.00203078  
