@ ./zeo_outputs/20402N2_ddec.cif.vol Unitcell_volume: 6636.93   Density: 0.58915   AV_A^3: 3939.29 AV_Volume_fraction: 0.59354 AV_cm^3/g: 1.00745 NAV_A^3: 0 NAV_Volume_fraction: 0 NAV_cm^3/g: 0
Number_of_channels: 1 Channel_volume_A^3: 3939.29  
Number_of_pockets: 16 Pocket_volume_A^3: 0  0  0  0  0  0  0  0  0  0  0  0  0  0  0  0  
