@ ./zeo_outputs/20400N2_ddec.cif.sa Unitcell_volume: 1582.67   Density: 0.970545   ASA_A^2: 722.149 ASA_m^2/cm^3: 4562.85 ASA_m^2/g: 4701.33 NASA_A^2: 0.0208737 NASA_m^2/cm^3: 0.131889 NASA_m^2/g: 0.135892
Number_of_channels: 1 Channel_surface_area_A^2: 722.149  
Number_of_pockets: 1 Pocket_surface_area_A^2: 0.0208737  
