@ ./zeo_outputs/20402N2_ddec.cif.sa Unitcell_volume: 6636.93   Density: 0.58915   ASA_A^2: 1968.71 ASA_m^2/cm^3: 2966.3 ASA_m^2/g: 5034.88 NASA_A^2: 1.02828 NASA_m^2/cm^3: 1.54932 NASA_m^2/g: 2.62976
Number_of_channels: 1 Channel_surface_area_A^2: 1968.71  
Number_of_pockets: 16 Pocket_surface_area_A^2: 0.00203078  0.030325  0  0  0.270062  0.00203078  0  0.0213231  0.00988222  0.00197041  0.181754  0.000492602  0.0133304  0.482427  0.00350858  0.00913849  
