@ ./zeo_outputs/20401N2_ddec.cif.sa Unitcell_volume: 8065.4   Density: 0.410623   ASA_A^2: 1928.54 ASA_m^2/cm^3: 2391.13 ASA_m^2/g: 5823.18 NASA_A^2: 0.00541862 NASA_m^2/cm^3: 0.00671835 NASA_m^2/g: 0.0163614
Number_of_channels: 1 Channel_surface_area_A^2: 1928.54  
Number_of_pockets: 1 Pocket_surface_area_A^2: 0.00541862  
