@ ./zeo_outputs/20410N2_ddec.cif.sa Unitcell_volume: 12955.5   Density: 0.501955   ASA_A^2: 3165.22 ASA_m^2/cm^3: 2443.14 ASA_m^2/g: 4867.24 NASA_A^2: 0.00379728 NASA_m^2/cm^3: 0.00293101 NASA_m^2/g: 0.00583918
Number_of_channels: 1 Channel_surface_area_A^2: 3165.22  
Number_of_pockets: 3 Pocket_surface_area_A^2: 0.00147781  0.00231948  0  
