@ ./zeo_outputs/20420N2_ddec.cif.sa Unitcell_volume: 2627.08   Density: 0.971718   ASA_A^2: 840.682 ASA_m^2/cm^3: 3200.07 ASA_m^2/g: 3293.2 NASA_A^2: 0.0152308 NASA_m^2/cm^3: 0.0579763 NASA_m^2/g: 0.0596637
Number_of_channels: 1 Channel_surface_area_A^2: 840.682  
Number_of_pockets: 6 Pocket_surface_area_A^2: 0.0132  0  0  0  0.00203078  0  
