@ ./zeo_outputs/20421N2_ddec.cif.sa Unitcell_volume: 2629.47   Density: 0.970835   ASA_A^2: 829.973 ASA_m^2/cm^3: 3156.43 ASA_m^2/g: 3251.25 NASA_A^2: 0.404014 NASA_m^2/cm^3: 1.53649 NASA_m^2/g: 1.58264
Number_of_channels: 1 Channel_surface_area_A^2: 829.973  
Number_of_pockets: 6 Pocket_surface_area_A^2: 0  0.130931  0  0.144185  0  0.128898  
