@ ./zeo_outputs/20442N3_ddec.cif.sa Unitcell_volume: 7774.2   Density: 0.610001   ASA_A^2: 2713.89 ASA_m^2/cm^3: 3490.89 ASA_m^2/g: 5722.76 NASA_A^2: 0.0241418 NASA_m^2/cm^3: 0.0310537 NASA_m^2/g: 0.0509076
Number_of_channels: 1 Channel_surface_area_A^2: 2713.89  
Number_of_pockets: 3 Pocket_surface_area_A^2: 0.0109417  0.0132  0  
