@ ./zeo_outputs/20440N3_ddec.cif.sa Unitcell_volume: 8452.17   Density: 0.494933   ASA_A^2: 2250.56 ASA_m^2/cm^3: 2662.7 ASA_m^2/g: 5379.93 NASA_A^2: 0.128443 NASA_m^2/cm^3: 0.151965 NASA_m^2/g: 0.307042
Number_of_channels: 1 Channel_surface_area_A^2: 2250.56  
Number_of_pockets: 3 Pocket_surface_area_A^2: 0.0662547  0.0469179  0.0152707  
