@ ./zeo_outputs/20460N2_ddec.cif.vol Unitcell_volume: 7476.75   Density: 1.05326   AV_A^3: 3309.36 AV_Volume_fraction: 0.44262 AV_cm^3/g: 0.420238 NAV_A^3: 1.04674 NAV_Volume_fraction: 0.00014 NAV_cm^3/g: 0.000132921
Number_of_channels: 1 Channel_volume_A^3: 3309.36  
Number_of_pockets: 16 Pocket_volume_A^3: 0  0.149535  0.149535  0  0  0  0.149535  0  0  0.29907  0  0  0  0.29907  0  0  
