@ ./zeo_outputs/20460N2_ddec.cif.sa Unitcell_volume: 7476.75   Density: 1.05326   ASA_A^2: 3087.8 ASA_m^2/cm^3: 4129.87 ASA_m^2/g: 3921.04 NASA_A^2: 11.8484 NASA_m^2/cm^3: 15.8469 NASA_m^2/g: 15.0456
Number_of_channels: 1 Channel_surface_area_A^2: 3087.8  
Number_of_pockets: 16 Pocket_surface_area_A^2: 1.64459  1.40946  1.56713  0.0392381  0  0  2.45361  0.00398153  0.0296234  2.33556  0.000492602  0.0143335  0.000796306  2.30176  0  0.0477783  
