@ ./zeo_outputs/20471N2_ddec.cif.sa Unitcell_volume: 8470.34   Density: 0.430945   ASA_A^2: 1577.29 ASA_m^2/cm^3: 1862.13 ASA_m^2/g: 4321.05 NASA_A^2: 0.147231 NASA_m^2/cm^3: 0.17382 NASA_m^2/g: 0.403346
Number_of_channels: 1 Channel_surface_area_A^2: 1577.29  
Number_of_pockets: 2 Pocket_surface_area_A^2: 0.00101539  0.146216  
