@ ./zeo_outputs/20470N2_ddec.cif.sa Unitcell_volume: 11898.4   Density: 0.54985   ASA_A^2: 3093.75 ASA_m^2/cm^3: 2600.15 ASA_m^2/g: 4728.83 NASA_A^2: 0.119071 NASA_m^2/cm^3: 0.100073 NASA_m^2/g: 0.182001
Number_of_channels: 1 Channel_surface_area_A^2: 3093.75  
Number_of_pockets: 2 Pocket_surface_area_A^2: 0.0481047  0.0709661  
