@ ./zeo_outputs/20473N2_ddec.cif.sa Unitcell_volume: 32074.2   Density: 0.240713   ASA_A^2: 3610.42 ASA_m^2/cm^3: 1125.65 ASA_m^2/g: 4676.31 NASA_A^2: 1.00317 NASA_m^2/cm^3: 0.312767 NASA_m^2/g: 1.29933
Number_of_channels: 1 Channel_surface_area_A^2: 3610.42  
Number_of_pockets: 18 Pocket_surface_area_A^2: 0.0243693  0  0  0.191908  0  0.000985203  0.0538156  0.00304616  0.00913849  0.0223385  0.0284309  0.411232  0.00101539  0.0507694  0.0599079  0  0.00710772  0.139108  
