@ ./zeo_outputs/20473N2_ddec.cif.vol Unitcell_volume: 32074.2   Density: 0.240713   AV_A^3: 26706.9 AV_Volume_fraction: 0.83266 AV_cm^3/g: 3.45914 NAV_A^3: 0 NAV_Volume_fraction: 0 NAV_cm^3/g: 0
Number_of_channels: 1 Channel_volume_A^3: 26706.9  
Number_of_pockets: 18 Pocket_volume_A^3: 0  0  0  0  0  0  0  0  0  0  0  0  0  0  0  0  0  0  
