@ ./zeo_outputs/20472N2_ddec.cif.sa Unitcell_volume: 12006.3   Density: 0.367176   ASA_A^2: 1906.01 ASA_m^2/cm^3: 1587.51 ASA_m^2/g: 4323.55 NASA_A^2: 0.559479 NASA_m^2/cm^3: 0.465987 NASA_m^2/g: 1.26911
Number_of_channels: 1 Channel_surface_area_A^2: 1906.01  
Number_of_pockets: 6 Pocket_surface_area_A^2: 0.0842772  0.179724  0.0253847  0.142154  0.1188  0.00913849  
