@ ./zeo_outputs/20491N2_ddec.cif.sa Unitcell_volume: 9381   Density: 0.633766   ASA_A^2: 2896.78 ASA_m^2/cm^3: 3087.92 ASA_m^2/g: 4872.34 NASA_A^2: 0.705695 NASA_m^2/cm^3: 0.752259 NASA_m^2/g: 1.18697
Number_of_channels: 1 Channel_surface_area_A^2: 2896.78  
Number_of_pockets: 3 Pocket_surface_area_A^2: 0.137077  0.236585  0.332032  
