@ ./zeo_outputs/20501N3_ddec.cif.sa Unitcell_volume: 7877.21   Density: 0.805153   ASA_A^2: 2719.2 ASA_m^2/cm^3: 3451.99 ASA_m^2/g: 4287.37 NASA_A^2: 1.45376 NASA_m^2/cm^3: 1.84553 NASA_m^2/g: 2.29215
Number_of_channels: 1 Channel_surface_area_A^2: 2719.2  
Number_of_pockets: 8 Pocket_surface_area_A^2: 0.0188911  0.0273347  0.0423918  1.23167  0.0697926  0.0204546  0.000492602  0.0427393  
