@ ./zeo_outputs/20500N3_ddec.cif.sa Unitcell_volume: 12303.9   Density: 0.515475   ASA_A^2: 3164.5 ASA_m^2/cm^3: 2571.95 ASA_m^2/g: 4989.48 NASA_A^2: 1.31797 NASA_m^2/cm^3: 1.07118 NASA_m^2/g: 2.07805
Number_of_channels: 1 Channel_surface_area_A^2: 3164.5  
Number_of_pockets: 1 Pocket_surface_area_A^2: 1.31797  
