@ ./zeo_outputs/20501N3_ddec.cif.vol Unitcell_volume: 7877.21   Density: 0.805153   AV_A^3: 4017.22 AV_Volume_fraction: 0.50998 AV_cm^3/g: 0.633395 NAV_A^3: 0.315088 NAV_Volume_fraction: 4e-05 NAV_cm^3/g: 4.968e-05
Number_of_channels: 1 Channel_volume_A^3: 4017.22  
Number_of_pockets: 8 Pocket_volume_A^3: 0  0  0  0.315088  0  0  0  0  
