@ ./zeo_outputs/20500N3_ddec.cif.vol Unitcell_volume: 12303.9   Density: 0.515475   AV_A^3: 8420.54 AV_Volume_fraction: 0.68438 AV_cm^3/g: 1.32767 NAV_A^3: 0.492156 NAV_Volume_fraction: 4e-05 NAV_cm^3/g: 7.75983e-05
Number_of_channels: 1 Channel_volume_A^3: 8420.54  
Number_of_pockets: 1 Pocket_volume_A^3: 0.492156  
