@ ./zeo_outputs/20510N2_ddec.cif.sa Unitcell_volume: 17007.9   Density: 0.431664   ASA_A^2: 3907.85 ASA_m^2/cm^3: 2297.67 ASA_m^2/g: 5322.83 NASA_A^2: 0.00147781 NASA_m^2/cm^3: 0.000868894 NASA_m^2/g: 0.0020129
Number_of_channels: 1 Channel_surface_area_A^2: 3907.85  
Number_of_pockets: 3 Pocket_surface_area_A^2: 0  0.00147781  0  
