@ ./zeo_outputs/20520N3_ddec.cif.sa Unitcell_volume: 6136.66   Density: 0.659957   ASA_A^2: 1826.77 ASA_m^2/cm^3: 2976.81 ASA_m^2/g: 4510.61 NASA_A^2: 0.133225 NASA_m^2/cm^3: 0.217096 NASA_m^2/g: 0.328955
Number_of_channels: 1 Channel_surface_area_A^2: 1826.77  
Number_of_pockets: 2 Pocket_surface_area_A^2: 0.0236449  0.10958  
