@ ./zeo_outputs/20521N3_ddec.cif.sa Unitcell_volume: 7415.26   Density: 0.648408   ASA_A^2: 2182.83 ASA_m^2/cm^3: 2943.7 ASA_m^2/g: 4539.88 NASA_A^2: 0.0723026 NASA_m^2/cm^3: 0.0975051 NASA_m^2/g: 0.150376
Number_of_channels: 1 Channel_surface_area_A^2: 2182.83  
Number_of_pockets: 4 Pocket_surface_area_A^2: 0.00594141  0.0622996  0.00406155  0  
