@ ./zeo_outputs/20531N2_ddec.cif.sa Unitcell_volume: 16416.1   Density: 0.505433   ASA_A^2: 3915.85 ASA_m^2/cm^3: 2385.38 ASA_m^2/g: 4719.48 NASA_A^2: 4.48739 NASA_m^2/cm^3: 2.73353 NASA_m^2/g: 5.4083
Number_of_channels: 1 Channel_surface_area_A^2: 3915.85  
Number_of_pockets: 11 Pocket_surface_area_A^2: 0.229478  0.031477  1.3948  0  0.00858552  0  0.244708  1.0093  0.186831  1.37769  0.00452397  
