@ ./zeo_outputs/20542N2_ddec.cif.sa Unitcell_volume: 5640.21   Density: 0.76916   ASA_A^2: 1917.64 ASA_m^2/cm^3: 3399.95 ASA_m^2/g: 4420.34 NASA_A^2: 0.810287 NASA_m^2/cm^3: 1.43663 NASA_m^2/g: 1.86779
Number_of_channels: 1 Channel_surface_area_A^2: 1917.64  
Number_of_pockets: 11 Pocket_surface_area_A^2: 0.0189603  0.0135363  0.0186559  0.406635  0  0.0356048  0.133355  0.10595  0.0117735  0  0.0658157  
