@ ./zeo_outputs/20543N2_ddec.cif.sa Unitcell_volume: 5760.42   Density: 0.801631   ASA_A^2: 2149.54 ASA_m^2/cm^3: 3731.56 ASA_m^2/g: 4654.97 NASA_A^2: 0.00863541 NASA_m^2/cm^3: 0.0149909 NASA_m^2/g: 0.0187006
Number_of_channels: 1 Channel_surface_area_A^2: 2149.54  
Number_of_pockets: 3 Pocket_surface_area_A^2: 0.000985203  0.00765021  0  
