@ ./zeo_outputs/20544N2_ddec.cif.sa Unitcell_volume: 5621.71   Density: 0.796551   ASA_A^2: 1910.33 ASA_m^2/cm^3: 3398.12 ASA_m^2/g: 4266.05 NASA_A^2: 1.30768 NASA_m^2/cm^3: 2.32613 NASA_m^2/g: 2.92026
Number_of_channels: 1 Channel_surface_area_A^2: 1910.33  
Number_of_pockets: 9 Pocket_surface_area_A^2: 0.119595  0.32532  0.00197041  0.00147781  0.302493  0.000985203  0.222326  0.0867758  0.246739  
