@ ./zeo_outputs/20540N2_ddec.cif.sa Unitcell_volume: 4020.53   Density: 0.89044   ASA_A^2: 1475.67 ASA_m^2/cm^3: 3670.34 ASA_m^2/g: 4121.94 NASA_A^2: 0.106296 NASA_m^2/cm^3: 0.264384 NASA_m^2/g: 0.296913
Number_of_channels: 1 Channel_surface_area_A^2: 1475.67  
Number_of_pockets: 7 Pocket_surface_area_A^2: 0.00171116  0  0.0121847  0.0883387  0  0.00406155  0  
