@ ./zeo_outputs/20550N2_ddec.cif.vol Unitcell_volume: 3951.04   Density: 1.21181   AV_A^3: 1975.52 AV_Volume_fraction: 0.5 AV_cm^3/g: 0.412608 NAV_A^3: 0 NAV_Volume_fraction: 0 NAV_cm^3/g: 0
Number_of_channels: 2 Channel_volume_A^3: 790.208  1185.31  
Number_of_pockets: 17 Pocket_volume_A^3: 0  0  0  0  0  0  0  0  0  0  0  0  0  0  0  0  0  
