@ ./zeo_outputs/20551N2_ddec.cif.sa Unitcell_volume: 3760.23   Density: 1.16737   ASA_A^2: 1366.04 ASA_m^2/cm^3: 3632.87 ASA_m^2/g: 3112 NASA_A^2: 0.0699096 NASA_m^2/cm^3: 0.185918 NASA_m^2/g: 0.159262
Number_of_channels: 2 Channel_surface_area_A^2: 678.106  687.938  
Number_of_pockets: 7 Pocket_surface_area_A^2: 0  0  0  0.063938  0.00597159  0  0  
