@ ./zeo_outputs/20550N2_ddec.cif.sa Unitcell_volume: 3951.04   Density: 1.21181   ASA_A^2: 1368.87 ASA_m^2/cm^3: 3464.59 ASA_m^2/g: 2859.03 NASA_A^2: 0.238704 NASA_m^2/cm^3: 0.604155 NASA_m^2/g: 0.498557
Number_of_channels: 2 Channel_surface_area_A^2: 681.693  687.18  
Number_of_pockets: 17 Pocket_surface_area_A^2: 0  0.0100704  0.00101539  0  0.0406546  0.00101539  0.00710772  0.00101539  0.0230065  0.0118103  0  0  0  0.111612  0.0253039  0.00203078  0.00406155  
