@ ./zeo_outputs/20564N3_ddec.cif.vol Unitcell_volume: 5653.89   Density: 0.568549   AV_A^3: 3712.91 AV_Volume_fraction: 0.6567 AV_cm^3/g: 1.15505 NAV_A^3: 0.339233 NAV_Volume_fraction: 6e-05 NAV_cm^3/g: 0.000105532
Number_of_channels: 1 Channel_volume_A^3: 3712.91  
Number_of_pockets: 2 Pocket_volume_A^3: 0.113078  0.226156  
