@ ./zeo_outputs/20560N3_ddec.cif.vol Unitcell_volume: 2113.05   Density: 1.04285   AV_A^3: 926.32 AV_Volume_fraction: 0.43838 AV_cm^3/g: 0.420366 NAV_A^3: 0.169044 NAV_Volume_fraction: 8e-05 NAV_cm^3/g: 7.67127e-05
Number_of_channels: 1 Channel_volume_A^3: 926.32  
Number_of_pockets: 2 Pocket_volume_A^3: 0.126783  0.042261  
