@ ./zeo_outputs/20562N3_ddec.cif.sa Unitcell_volume: 2095.74   Density: 1.14038   ASA_A^2: 909.406 ASA_m^2/cm^3: 4339.31 ASA_m^2/g: 3805.14 NASA_A^2: 2.95397 NASA_m^2/cm^3: 14.0951 NASA_m^2/g: 12.36
Number_of_channels: 1 Channel_surface_area_A^2: 909.406  
Number_of_pockets: 2 Pocket_surface_area_A^2: 1.53076  1.42321  
