@ ./zeo_outputs/20561N3_ddec.cif.vol Unitcell_volume: 2132.19   Density: 1.25766   AV_A^3: 843.749 AV_Volume_fraction: 0.39572 AV_cm^3/g: 0.314647 NAV_A^3: 0.170575 NAV_Volume_fraction: 8e-05 NAV_cm^3/g: 6.36101e-05
Number_of_channels: 1 Channel_volume_A^3: 843.749  
Number_of_pockets: 2 Pocket_volume_A^3: 0.0852875  0.0852875  
