@ ./zeo_outputs/20561N3_ddec.cif.sa Unitcell_volume: 2132.19   Density: 1.25766   ASA_A^2: 865.324 ASA_m^2/cm^3: 4058.39 ASA_m^2/g: 3226.93 NASA_A^2: 2.65856 NASA_m^2/cm^3: 12.4687 NASA_m^2/g: 9.91419
Number_of_channels: 1 Channel_surface_area_A^2: 865.324  
Number_of_pockets: 2 Pocket_surface_area_A^2: 1.3921  1.26646  
