@ ./zeo_outputs/20564N3_ddec.cif.sa Unitcell_volume: 5653.89   Density: 0.568549   ASA_A^2: 1482.93 ASA_m^2/cm^3: 2622.85 ASA_m^2/g: 4613.24 NASA_A^2: 2.93585 NASA_m^2/cm^3: 5.19261 NASA_m^2/g: 9.1331
Number_of_channels: 1 Channel_surface_area_A^2: 1482.93  
Number_of_pockets: 2 Pocket_surface_area_A^2: 1.49652  1.43933  
