@ ./zeo_outputs/20562N3_ddec.cif.vol Unitcell_volume: 2095.74   Density: 1.14038   AV_A^3: 754.424 AV_Volume_fraction: 0.35998 AV_cm^3/g: 0.315666 NAV_A^3: 0.293403 NAV_Volume_fraction: 0.00014 NAV_cm^3/g: 0.000122766
Number_of_channels: 1 Channel_volume_A^3: 754.424  
Number_of_pockets: 2 Pocket_volume_A^3: 0.0838295  0.209574  
