@ ./zeo_outputs/20563N3_ddec.cif.vol Unitcell_volume: 3667.17   Density: 0.782241   AV_A^3: 2032.64 AV_Volume_fraction: 0.55428 AV_cm^3/g: 0.70858 NAV_A^3: 0.22003 NAV_Volume_fraction: 6e-05 NAV_cm^3/g: 7.67027e-05
Number_of_channels: 1 Channel_volume_A^3: 2032.64  
Number_of_pockets: 2 Pocket_volume_A^3: 0.0733435  0.146687  
