@ ./zeo_outputs/20563N3_ddec.cif.sa Unitcell_volume: 3667.17   Density: 0.782241   ASA_A^2: 1188.78 ASA_m^2/cm^3: 3241.67 ASA_m^2/g: 4144.09 NASA_A^2: 3.02831 NASA_m^2/cm^3: 8.25788 NASA_m^2/g: 10.5567
Number_of_channels: 1 Channel_surface_area_A^2: 1188.78  
Number_of_pockets: 2 Pocket_surface_area_A^2: 1.47862  1.54969  
