@ ./zeo_outputs/20560N3_ddec.cif.sa Unitcell_volume: 2113.05   Density: 1.04285   ASA_A^2: 818.449 ASA_m^2/cm^3: 3873.3 ASA_m^2/g: 3714.14 NASA_A^2: 2.65753 NASA_m^2/cm^3: 12.5767 NASA_m^2/g: 12.0599
Number_of_channels: 1 Channel_surface_area_A^2: 818.449  
Number_of_pockets: 2 Pocket_surface_area_A^2: 1.34304  1.31448  
