@ ./zeo_outputs/20571N3_ddec.cif.sa Unitcell_volume: 5560.92   Density: 0.937543   ASA_A^2: 2483.64 ASA_m^2/cm^3: 4466.23 ASA_m^2/g: 4763.76 NASA_A^2: 0.0101539 NASA_m^2/cm^3: 0.0182593 NASA_m^2/g: 0.0194757
Number_of_channels: 1 Channel_surface_area_A^2: 2483.64  
Number_of_pockets: 2 Pocket_surface_area_A^2: 0  0.0101539  
