@ ./zeo_outputs/20580N3_ddec.cif.sa Unitcell_volume: 18636.3   Density: 0.54026   ASA_A^2: 4429.86 ASA_m^2/cm^3: 2377.01 ASA_m^2/g: 4399.76 NASA_A^2: 1.01012 NASA_m^2/cm^3: 0.542017 NASA_m^2/g: 1.00325
Number_of_channels: 1 Channel_surface_area_A^2: 4429.86  
Number_of_pockets: 12 Pocket_surface_area_A^2: 0  0.0578712  0  0  0.00101539  0.00609233  0.546242  0.0375694  0.231508  0  0.123877  0.00594141  
