@ ./zeo_outputs/20581N2_ddec.cif.sa Unitcell_volume: 18319   Density: 0.570166   ASA_A^2: 4195.94 ASA_m^2/cm^3: 2290.49 ASA_m^2/g: 4017.23 NASA_A^2: 1.78124 NASA_m^2/cm^3: 0.972347 NASA_m^2/g: 1.70538
Number_of_channels: 1 Channel_surface_area_A^2: 4195.94  
Number_of_pockets: 9 Pocket_surface_area_A^2: 0  0.00344821  1.49825  0.0614394  0.0103446  0.0081231  0.127939  0.00985203  0.0618447  
