@ ./zeo_outputs/20590N2_ddec.cif.sa Unitcell_volume: 10751.5   Density: 0.504711   ASA_A^2: 2335.42 ASA_m^2/cm^3: 2172.18 ASA_m^2/g: 4303.82 NASA_A^2: 2.852 NASA_m^2/cm^3: 2.65266 NASA_m^2/g: 5.25579
Number_of_channels: 1 Channel_surface_area_A^2: 2335.42  
Number_of_pockets: 12 Pocket_surface_area_A^2: 0.16957  0  1.0778  0.0776307  0  0.221503  0  0.115754  0.0345232  0.109662  0  1.04556  
