@ ./zeo_outputs/20600N2_ddec.cif.vol Unitcell_volume: 7199.78   Density: 0.589136   AV_A^3: 4319.87 AV_Volume_fraction: 0.6 AV_cm^3/g: 1.01844 NAV_A^3: 0 NAV_Volume_fraction: 0 NAV_cm^3/g: 0
Number_of_channels: 1 Channel_volume_A^3: 4319.87  
Number_of_pockets: 24 Pocket_volume_A^3: 0  0  0  0  0  0  0  0  0  0  0  0  0  0  0  0  0  0  0  0  0  0  0  0  
