@ ./zeo_outputs/20600N2_ddec.cif.sa Unitcell_volume: 7199.78   Density: 0.589136   ASA_A^2: 1266.17 ASA_m^2/cm^3: 1758.62 ASA_m^2/g: 2985.09 NASA_A^2: 80.3793 NASA_m^2/cm^3: 111.641 NASA_m^2/g: 189.5
Number_of_channels: 1 Channel_surface_area_A^2: 1266.17  
Number_of_pockets: 24 Pocket_surface_area_A^2: 1.48044  2.20519  0.000492602  10.8346  2.09476  2.02316  1.42967  2.27646  1.58604  2.24301  11.4698  2.07442  0.000492602  1.68656  2.24762  11.4829  2.12997  2.21519  1.52816  1.50074  1.92431  2.64539  10.9262  2.3737  
