@ ./zeo_outputs/20611N2_ddec.cif.sa Unitcell_volume: 8955.66   Density: 0.405037   ASA_A^2: 1611.34 ASA_m^2/cm^3: 1799.25 ASA_m^2/g: 4442.18 NASA_A^2: 0.0707795 NASA_m^2/cm^3: 0.0790333 NASA_m^2/g: 0.195126
Number_of_channels: 1 Channel_surface_area_A^2: 1611.34  
Number_of_pockets: 2 Pocket_surface_area_A^2: 0.0548309  0.0159485  
