@ ./zeo_outputs/20610N2_ddec.cif.sa Unitcell_volume: 8398.68   Density: 0.396672   ASA_A^2: 1488.22 ASA_m^2/cm^3: 1771.97 ASA_m^2/g: 4467.08 NASA_A^2: 0.036554 NASA_m^2/cm^3: 0.0435234 NASA_m^2/g: 0.109721
Number_of_channels: 1 Channel_surface_area_A^2: 1488.22  
Number_of_pockets: 8 Pocket_surface_area_A^2: 0  0  0.0081231  0  0  0.00406155  0  0.0243693  
