@ ./zeo_outputs/20620N2_ddec.cif.vol Unitcell_volume: 5538.97   Density: 0.727503   AV_A^3: 3323.38 AV_Volume_fraction: 0.6 AV_cm^3/g: 0.824739 NAV_A^3: 0 NAV_Volume_fraction: 0 NAV_cm^3/g: 0
Number_of_channels: 1 Channel_volume_A^3: 3323.38  
Number_of_pockets: 24 Pocket_volume_A^3: 0  0  0  0  0  0  0  0  0  0  0  0  0  0  0  0  0  0  0  0  0  0  0  0  
