@ ./zeo_outputs/20621N2_ddec.cif.sa Unitcell_volume: 5122.73   Density: 1.17795   ASA_A^2: 2364.46 ASA_m^2/cm^3: 4615.63 ASA_m^2/g: 3918.37 NASA_A^2: 1.58528 NASA_m^2/cm^3: 3.09459 NASA_m^2/g: 2.62711
Number_of_channels: 1 Channel_surface_area_A^2: 2364.46  
Number_of_pockets: 9 Pocket_surface_area_A^2: 0.0813023  0.0162462  0.243693  0.0469761  0.00710772  0.00101539  0.0956334  0.747055  0.346247  
