@ ./zeo_outputs/20620N2_ddec.cif.sa Unitcell_volume: 5538.97   Density: 0.727503   ASA_A^2: 1525.02 ASA_m^2/cm^3: 2753.26 ASA_m^2/g: 3784.53 NASA_A^2: 11.0162 NASA_m^2/cm^3: 19.8886 NASA_m^2/g: 27.3382
Number_of_channels: 1 Channel_surface_area_A^2: 1525.02  
Number_of_pockets: 24 Pocket_surface_area_A^2: 0.00591122  0  0.0548309  0.21484  0  0.309944  0.0253847  0.00849497  0.339823  4.18296  0  0  0.00406155  0.428418  0.02272  0.0467078  0.658191  0  0  0.587708  0.676981  0.0731079  3.37616  0  
