@ ./zeo_outputs/20620N2_ddec.cif.vol Unitcell_volume: 5538.97   Density: 0.727503   AV_A^3: 2925.46 AV_Volume_fraction: 0.52816 AV_cm^3/g: 0.72599 NAV_A^3: 0.553897 NAV_Volume_fraction: 0.0001 NAV_cm^3/g: 0.000137456
Number_of_channels: 1 Channel_volume_A^3: 2925.46  
Number_of_pockets: 24 Pocket_volume_A^3: 0  0  0  0  0  0  0  0  0  0.221559  0  0  0  0  0  0  0  0  0  0  0  0  0.332338  0  
