@ ./zeo_outputs/20631N2_ddec.cif.sa Unitcell_volume: 18282.3   Density: 0.486739   ASA_A^2: 3750.89 ASA_m^2/cm^3: 2051.65 ASA_m^2/g: 4215.09 NASA_A^2: 0.0669854 NASA_m^2/cm^3: 0.0366394 NASA_m^2/g: 0.0752753
Number_of_channels: 1 Channel_surface_area_A^2: 3750.89  
Number_of_pockets: 1 Pocket_surface_area_A^2: 0.0669854  
