@ ./zeo_outputs/20640N2_ddec.cif.sa Unitcell_volume: 11210.2   Density: 0.543702   ASA_A^2: 2969.93 ASA_m^2/cm^3: 2649.31 ASA_m^2/g: 4872.73 NASA_A^2: 0.0924003 NASA_m^2/cm^3: 0.0824254 NASA_m^2/g: 0.1516
Number_of_channels: 1 Channel_surface_area_A^2: 2969.93  
Number_of_pockets: 8 Pocket_surface_area_A^2: 0.0101539  0.0264001  0  0.0081231  0  0.0243693  0.018277  0.00507694  
