@ ./zeo_outputs/20652N2_ddec.cif.vol Unitcell_volume: 4324.16   Density: 0.888982   AV_A^3: 1952.1 AV_Volume_fraction: 0.45144 AV_cm^3/g: 0.507817 NAV_A^3: 0.0864833 NAV_Volume_fraction: 2e-05 NAV_cm^3/g: 2.24976e-05
Number_of_channels: 1 Channel_volume_A^3: 1952.1  
Number_of_pockets: 8 Pocket_volume_A^3: 0  0  0  0  0.0864833  0  0  0  
