@ ./zeo_outputs/20651N3_ddec.cif.vol Unitcell_volume: 2537.56   Density: 0.748765   AV_A^3: 1317.76 AV_Volume_fraction: 0.5193 AV_cm^3/g: 0.693542 NAV_A^3: 0.101502 NAV_Volume_fraction: 4e-05 NAV_cm^3/g: 5.34213e-05
Number_of_channels: 1 Channel_volume_A^3: 1317.76  
Number_of_pockets: 4 Pocket_volume_A^3: 0  0  0.101502  0  
