@ ./zeo_outputs/20651N3_ddec.cif.sa Unitcell_volume: 2537.56   Density: 0.748765   ASA_A^2: 782.452 ASA_m^2/cm^3: 3083.48 ASA_m^2/g: 4118.08 NASA_A^2: 1.27282 NASA_m^2/cm^3: 5.0159 NASA_m^2/g: 6.6989
Number_of_channels: 1 Channel_surface_area_A^2: 782.452  
Number_of_pockets: 4 Pocket_surface_area_A^2: 0  0.165855  0.849879  0.257082  
