@ ./zeo_outputs/20653N2_ddec.cif.sa Unitcell_volume: 4409.08   Density: 1.004   ASA_A^2: 1720.01 ASA_m^2/cm^3: 3901.05 ASA_m^2/g: 3885.5 NASA_A^2: 0.525432 NASA_m^2/cm^3: 1.1917 NASA_m^2/g: 1.18695
Number_of_channels: 1 Channel_surface_area_A^2: 1720.01  
Number_of_pockets: 8 Pocket_surface_area_A^2: 0  0.0140838  0  0.0121847  0  0.324175  0.00541862  0.16957  
