@ ./zeo_outputs/20650N2_ddec.cif.sa Unitcell_volume: 4308.2   Density: 0.812619   ASA_A^2: 1399.45 ASA_m^2/cm^3: 3248.35 ASA_m^2/g: 3997.38 NASA_A^2: 4.05062 NASA_m^2/cm^3: 9.40212 NASA_m^2/g: 11.5701
Number_of_channels: 1 Channel_surface_area_A^2: 1399.45  
Number_of_pockets: 11 Pocket_surface_area_A^2: 0.207676  0.049754  0.0396429  0.120831  0.272848  0.553733  0.0913849  2.70852  0.005216  0.00101539  0  
