@ ./zeo_outputs/20650N2_ddec.cif.vol Unitcell_volume: 4308.2   Density: 0.812619   AV_A^3: 2051.65 AV_Volume_fraction: 0.47622 AV_cm^3/g: 0.586031 NAV_A^3: 0.258492 NAV_Volume_fraction: 6e-05 NAV_cm^3/g: 7.38354e-05
Number_of_channels: 1 Channel_volume_A^3: 2051.65  
Number_of_pockets: 11 Pocket_volume_A^3: 0  0  0  0  0  0  0  0.258492  0  0  0  
