@ ./zeo_outputs/20652N2_ddec.cif.sa Unitcell_volume: 4324.16   Density: 0.888982   ASA_A^2: 1498.25 ASA_m^2/cm^3: 3464.82 ASA_m^2/g: 3897.52 NASA_A^2: 3.68338 NASA_m^2/cm^3: 8.51812 NASA_m^2/g: 9.58188
Number_of_channels: 1 Channel_surface_area_A^2: 1498.25  
Number_of_pockets: 8 Pocket_surface_area_A^2: 0.269099  0.00101539  0  0.0175731  1.04738  0.00101539  2.33816  0.00913849  
