@ ./zeo_outputs/20672N2_ddec.cif.sa Unitcell_volume: 7292.17   Density: 0.623778   ASA_A^2: 2101.73 ASA_m^2/cm^3: 2882.18 ASA_m^2/g: 4620.51 NASA_A^2: 7.06186 NASA_m^2/cm^3: 9.68417 NASA_m^2/g: 15.525
Number_of_channels: 1 Channel_surface_area_A^2: 2101.73  
Number_of_pockets: 6 Pocket_surface_area_A^2: 1.10982  0.872218  2.65524  0.906741  1.51784  0  
