@ ./zeo_outputs/20671N2_ddec.cif.sa Unitcell_volume: 6972.94   Density: 0.650434   ASA_A^2: 1965.56 ASA_m^2/cm^3: 2818.84 ASA_m^2/g: 4333.79 NASA_A^2: 3.19783 NASA_m^2/cm^3: 4.58605 NASA_m^2/g: 7.05076
Number_of_channels: 1 Channel_surface_area_A^2: 1965.56  
Number_of_pockets: 6 Pocket_surface_area_A^2: 0.00913849  1.84586  0  1.32861  0.0142154  0  
