@ ./zeo_outputs/21010N2_ddec.cif.vol Unitcell_volume: 8975.09   Density: 0.41562   AV_A^3: 6542.12 AV_Volume_fraction: 0.72892 AV_cm^3/g: 1.75381 NAV_A^3: 0.538505 NAV_Volume_fraction: 6e-05 NAV_cm^3/g: 0.000144363
Number_of_channels: 1 Channel_volume_A^3: 6542.12  
Number_of_pockets: 8 Pocket_volume_A^3: 0  0  0  0  0  0  0  0.538505  
