@ ./zeo_outputs/21010N2_ddec.cif.sa Unitcell_volume: 8975.09   Density: 0.41562   ASA_A^2: 1567.42 ASA_m^2/cm^3: 1746.41 ASA_m^2/g: 4201.94 NASA_A^2: 3.37109 NASA_m^2/cm^3: 3.75605 NASA_m^2/g: 9.03722
Number_of_channels: 1 Channel_surface_area_A^2: 1567.42  
Number_of_pockets: 8 Pocket_surface_area_A^2: 0.00406155  0  0  0.0355386  0  0  0.00203078  3.32946  
