@ ./zeo_outputs/21012N2_ddec.cif.sa Unitcell_volume: 9769.7   Density: 0.416504   ASA_A^2: 1850.37 ASA_m^2/cm^3: 1893.99 ASA_m^2/g: 4547.35 NASA_A^2: 1.67844 NASA_m^2/cm^3: 1.718 NASA_m^2/g: 4.12482
Number_of_channels: 1 Channel_surface_area_A^2: 1850.37  
Number_of_pockets: 6 Pocket_surface_area_A^2: 0.62954  0  0  1.04585  0.00304616  0  
