@ ./zeo_outputs/21031N2_ddec.cif.sa Unitcell_volume: 3951.62   Density: 0.72702   ASA_A^2: 1377.85 ASA_m^2/cm^3: 3486.81 ASA_m^2/g: 4796.03 NASA_A^2: 0.0623986 NASA_m^2/cm^3: 0.157906 NASA_m^2/g: 0.217197
Number_of_channels: 1 Channel_surface_area_A^2: 1377.85  
Number_of_pockets: 3 Pocket_surface_area_A^2: 0  0.00147781  0.0609208  
