@ ./zeo_outputs/21041N3_ddec.cif.sa Unitcell_volume: 9520.38   Density: 0.895197   ASA_A^2: 3375.56 ASA_m^2/cm^3: 3545.62 ASA_m^2/g: 3960.71 NASA_A^2: 0.0405115 NASA_m^2/cm^3: 0.0425524 NASA_m^2/g: 0.0475341
Number_of_channels: 1 Channel_surface_area_A^2: 3375.56  
Number_of_pockets: 9 Pocket_surface_area_A^2: 0  0.000985203  0  0.0395263  0  0  0  0  0  
