@ ./zeo_outputs/21040N3_ddec.cif.sa Unitcell_volume: 6826.56   Density: 1.10037   ASA_A^2: 3023.25 ASA_m^2/cm^3: 4428.65 ASA_m^2/g: 4024.71 NASA_A^2: 0.323824 NASA_m^2/cm^3: 0.474359 NASA_m^2/g: 0.431092
Number_of_channels: 1 Channel_surface_area_A^2: 3023.25  
Number_of_pockets: 12 Pocket_surface_area_A^2: 0.0135719  0.182567  0.0256153  0.012315  0  0.0294861  0.0184677  0.0104352  0  0.0244695  0.000492602  0.00640382  
