@ ./zeo_outputs/21050N2_ddec.cif.sa Unitcell_volume: 23197.9   Density: 0.392149   ASA_A^2: 5055.27 ASA_m^2/cm^3: 2179.19 ASA_m^2/g: 5557.05 NASA_A^2: 0.0431258 NASA_m^2/cm^3: 0.0185904 NASA_m^2/g: 0.0474065
Number_of_channels: 1 Channel_surface_area_A^2: 5055.27  
Number_of_pockets: 5 Pocket_surface_area_A^2: 0.034188  0  0.00893786  0  0  
