@ ./zeo_outputs/21051N2_ddec.cif.sa Unitcell_volume: 18402   Density: 0.549285   ASA_A^2: 5000.2 ASA_m^2/cm^3: 2717.21 ASA_m^2/g: 4946.81 NASA_A^2: 0.112065 NASA_m^2/cm^3: 0.060898 NASA_m^2/g: 0.110868
Number_of_channels: 1 Channel_surface_area_A^2: 5000.2  
Number_of_pockets: 7 Pocket_surface_area_A^2: 0  0  0.0903695  0.00246301  0.00197041  0.0162462  0.00101539  
