@ ./zeo_outputs/21053N2_ddec.cif.sa Unitcell_volume: 26744.3   Density: 0.379951   ASA_A^2: 5691.76 ASA_m^2/cm^3: 2128.22 ASA_m^2/g: 5601.3 NASA_A^2: 0.196872 NASA_m^2/cm^3: 0.0736127 NASA_m^2/g: 0.193743
Number_of_channels: 1 Channel_surface_area_A^2: 5691.76  
Number_of_pockets: 5 Pocket_surface_area_A^2: 0.105418  0.000492602  0  0.00203078  0.0889303  
