@ ./zeo_outputs/21060N2_ddec.cif.sa Unitcell_volume: 9282.93   Density: 0.614594   ASA_A^2: 2235.65 ASA_m^2/cm^3: 2408.35 ASA_m^2/g: 3918.6 NASA_A^2: 2.53147 NASA_m^2/cm^3: 2.72702 NASA_m^2/g: 4.43711
Number_of_channels: 1 Channel_surface_area_A^2: 2235.65  
Number_of_pockets: 6 Pocket_surface_area_A^2: 0  0  0  1.00231  0  1.52916  
