@ ./zeo_outputs/21072N2_ddec.cif.sa Unitcell_volume: 2605.15   Density: 0.836948   ASA_A^2: 665.374 ASA_m^2/cm^3: 2554.07 ASA_m^2/g: 3051.65 NASA_A^2: 0.0893541 NASA_m^2/cm^3: 0.34299 NASA_m^2/g: 0.409811
Number_of_channels: 1 Channel_surface_area_A^2: 665.374  
Number_of_pockets: 6 Pocket_surface_area_A^2: 0.0396001  0  0.049754  0  0  0  
