@ ./zeo_outputs/21073N2_ddec.cif.sa Unitcell_volume: 2598.17   Density: 0.798294   ASA_A^2: 658.455 ASA_m^2/cm^3: 2534.3 ASA_m^2/g: 3174.65 NASA_A^2: 1.41282 NASA_m^2/cm^3: 5.43773 NASA_m^2/g: 6.8117
Number_of_channels: 1 Channel_surface_area_A^2: 658.455  
Number_of_pockets: 11 Pocket_surface_area_A^2: 0  0  0.00406155  0  0.00507694  0.0456925  0.653535  0.643528  0.0284309  0.0324924  0  
