@ ./zeo_outputs/21071N2_ddec.cif.sa Unitcell_volume: 2563.87   Density: 0.891872   ASA_A^2: 633.33 ASA_m^2/cm^3: 2470.21 ASA_m^2/g: 2769.7 NASA_A^2: 0.960814 NASA_m^2/cm^3: 3.74752 NASA_m^2/g: 4.20186
Number_of_channels: 1 Channel_surface_area_A^2: 633.33  
Number_of_pockets: 13 Pocket_surface_area_A^2: 0.094135  0.00203078  0.0716303  0  0.360463  0.407171  0.0111693  0.0111693  0.00101539  0  0  0  0.00203078  
