@ ./zeo_outputs/21071N2_ddec.cif.vol Unitcell_volume: 2563.87   Density: 0.891872   AV_A^3: 1323.16 AV_Volume_fraction: 0.51608 AV_cm^3/g: 0.578648 NAV_A^3: 0 NAV_Volume_fraction: 0 NAV_cm^3/g: 0
Number_of_channels: 1 Channel_volume_A^3: 1323.16  
Number_of_pockets: 13 Pocket_volume_A^3: 0  0  0  0  0  0  0  0  0  0  0  0  0  
