@ ./zeo_outputs/21070N2_ddec.cif.sa Unitcell_volume: 2614.53   Density: 0.915235   ASA_A^2: 640.608 ASA_m^2/cm^3: 2450.18 ASA_m^2/g: 2677.11 NASA_A^2: 0.463373 NASA_m^2/cm^3: 1.7723 NASA_m^2/g: 1.93644
Number_of_channels: 1 Channel_surface_area_A^2: 640.608  
Number_of_pockets: 11 Pocket_surface_area_A^2: 0  0.0243693  0.0213231  0.167459  0.00304616  0.00406155  0.0354798  0.0132  0.0258789  0.124893  0.0436617  
