@ ./zeo_outputs/21081N2_ddec.cif.sa Unitcell_volume: 6536.57   Density: 0.572608   ASA_A^2: 1366.06 ASA_m^2/cm^3: 2089.87 ASA_m^2/g: 3649.75 NASA_A^2: 5.94389 NASA_m^2/cm^3: 9.09329 NASA_m^2/g: 15.8805
Number_of_channels: 1 Channel_surface_area_A^2: 1366.06  
Number_of_pockets: 6 Pocket_surface_area_A^2: 1.98157  1.79243  0.00101539  0.0974772  1.25603  0.815356  
