@ ./zeo_outputs/21082N2_ddec.cif.vol Unitcell_volume: 9502.76   Density: 0.489055   AV_A^3: 7602.2 AV_Volume_fraction: 0.8 AV_cm^3/g: 1.63581 NAV_A^3: 0 NAV_Volume_fraction: 0 NAV_cm^3/g: 0
Number_of_channels: 1 Channel_volume_A^3: 7602.2  
Number_of_pockets: 24 Pocket_volume_A^3: 0  0  0  0  0  0  0  0  0  0  0  0  0  0  0  0  0  0  0  0  0  0  0  0  
