@ ./zeo_outputs/21080N2_ddec.cif.vol Unitcell_volume: 9040.97   Density: 0.458868   AV_A^3: 6328.68 AV_Volume_fraction: 0.7 AV_cm^3/g: 1.52549 NAV_A^3: 0 NAV_Volume_fraction: 0 NAV_cm^3/g: 0
Number_of_channels: 1 Channel_volume_A^3: 6328.68  
Number_of_pockets: 21 Pocket_volume_A^3: 0  0  0  0  0  0  0  0  0  0  0  0  0  0  0  0  0  0  0  0  0  
