@ ./zeo_outputs/21080N2_ddec.cif.sa Unitcell_volume: 9040.97   Density: 0.458868   ASA_A^2: 1557.61 ASA_m^2/cm^3: 1722.83 ASA_m^2/g: 3754.53 NASA_A^2: 22.0386 NASA_m^2/cm^3: 24.3764 NASA_m^2/g: 53.123
Number_of_channels: 1 Channel_surface_area_A^2: 1557.61  
Number_of_pockets: 21 Pocket_surface_area_A^2: 0  2.08362  2.42227  2.27624  0.00507694  0.00101539  0  0.00420835  2.40603  2.33545  0  0  0  2.16331  2.21251  0  2.03136  0.0081231  0  2.05932  2.03012  
