@ ./zeo_outputs/21082N2_ddec.cif.vol Unitcell_volume: 9502.76   Density: 0.489055   AV_A^3: 6629.69 AV_Volume_fraction: 0.69766 AV_cm^3/g: 1.42655 NAV_A^3: 1.14033 NAV_Volume_fraction: 0.00012 NAV_cm^3/g: 0.000245371
Number_of_channels: 1 Channel_volume_A^3: 6629.69  
Number_of_pockets: 24 Pocket_volume_A^3: 0  0  0  0  0  0  0.190055  0  0.190055  0.190055  0.190055  0  0  0  0  0  0  0.190055  0  0  0  0.190055  0  0  
