@ ./zeo_outputs/21081N2_ddec.cif.vol Unitcell_volume: 6536.57   Density: 0.572608   AV_A^3: 4284.46 AV_Volume_fraction: 0.65546 AV_cm^3/g: 1.14469 NAV_A^3: 0.130731 NAV_Volume_fraction: 2e-05 NAV_cm^3/g: 3.49279e-05
Number_of_channels: 1 Channel_volume_A^3: 4284.46  
Number_of_pockets: 6 Pocket_volume_A^3: 0.130731  0  0  0  0  0  
