@ ./zeo_outputs/21080N2_ddec.cif.vol Unitcell_volume: 9040.97   Density: 0.458868   AV_A^3: 6450.37 AV_Volume_fraction: 0.71346 AV_cm^3/g: 1.55483 NAV_A^3: 0.904097 NAV_Volume_fraction: 0.0001 NAV_cm^3/g: 0.000217928
Number_of_channels: 1 Channel_volume_A^3: 6450.37  
Number_of_pockets: 21 Pocket_volume_A^3: 0  0.361639  0  0  0  0  0  0  0.180819  0.180819  0  0  0  0  0  0  0  0  0  0  0.180819  
