@ ./zeo_outputs/21082N2_ddec.cif.sa Unitcell_volume: 9502.76   Density: 0.489055   ASA_A^2: 1655.39 ASA_m^2/cm^3: 1742.01 ASA_m^2/g: 3561.98 NASA_A^2: 31.7292 NASA_m^2/cm^3: 33.3895 NASA_m^2/g: 68.2734
Number_of_channels: 1 Channel_surface_area_A^2: 1655.39  
Number_of_pockets: 24 Pocket_surface_area_A^2: 1.31899  0  1.87251  1.93024  1.53019  0.00197041  1.69164  0  2.13765  2.22249  1.91538  0  1.60431  0.000492602  2.05491  2.06761  2.20042  1.42459  0.00147781  1.69241  0  1.85004  2.08613  2.12575  
