@ ./zeo_outputs/21090N3_ddec.cif.sa Unitcell_volume: 2384.7   Density: 1.28554   ASA_A^2: 1046.85 ASA_m^2/cm^3: 4389.84 ASA_m^2/g: 3414.77 NASA_A^2: 1.02212 NASA_m^2/cm^3: 4.28614 NASA_m^2/g: 3.33411
Number_of_channels: 1 Channel_surface_area_A^2: 1046.85  
Number_of_pockets: 10 Pocket_surface_area_A^2: 0.280936  0.0243693  0.00203078  0.163364  0.00710772  0  0.245639  0.296639  0.00203078  0  
