@ ./zeo_outputs/21100N2_ddec.cif.sa Unitcell_volume: 21928   Density: 0.398476   ASA_A^2: 4032.37 ASA_m^2/cm^3: 1838.91 ASA_m^2/g: 4614.87 NASA_A^2: 10.1933 NASA_m^2/cm^3: 4.64853 NASA_m^2/g: 11.6658
Number_of_channels: 1 Channel_surface_area_A^2: 4032.37  
Number_of_pockets: 11 Pocket_surface_area_A^2: 1.46777  1.38063  0.00304616  1.35941  1.32642  0  1.18388  1.37786  0.00609233  0.985795  1.10242  
