@ ./zeo_outputs/21101N2_ddec.cif.vol Unitcell_volume: 20749.8   Density: 0.432618   AV_A^3: 15088.5 AV_Volume_fraction: 0.72716 AV_cm^3/g: 1.68083 NAV_A^3: 0 NAV_Volume_fraction: 0 NAV_cm^3/g: 0
Number_of_channels: 1 Channel_volume_A^3: 15088.5  
Number_of_pockets: 19 Pocket_volume_A^3: 0  0  0  0  0  0  0  0  0  0  0  0  0  0  0  0  0  0  0  
