@ ./zeo_outputs/21100N2_ddec.cif.vol Unitcell_volume: 21928   Density: 0.398476   AV_A^3: 16265.3 AV_Volume_fraction: 0.74176 AV_cm^3/g: 1.86149 NAV_A^3: 0.877121 NAV_Volume_fraction: 4e-05 NAV_cm^3/g: 0.000100383
Number_of_channels: 1 Channel_volume_A^3: 16265.3  
Number_of_pockets: 11 Pocket_volume_A^3: 0  0  0  0.877121  0  0  0  0  0  0  0  
