@ ./zeo_outputs/21101N2_ddec.cif.sa Unitcell_volume: 20749.8   Density: 0.432618   ASA_A^2: 3780.34 ASA_m^2/cm^3: 1821.86 ASA_m^2/g: 4211.25 NASA_A^2: 2.70412 NASA_m^2/cm^3: 1.3032 NASA_m^2/g: 3.01236
Number_of_channels: 1 Channel_surface_area_A^2: 3780.34  
Number_of_pockets: 19 Pocket_surface_area_A^2: 0.00710772  0  0.000985203  0  0.0044636  0  0.137077  0.525017  0  0.0178645  0  0.00913849  0.329388  0.910504  0  0.259356  0.219825  0.199121  0.0842772  
