@ ./zeo_outputs/21110N3_ddec.cif.sa Unitcell_volume: 21405.5   Density: 0.34437   ASA_A^2: 3983.14 ASA_m^2/cm^3: 1860.8 ASA_m^2/g: 5403.49 NASA_A^2: 1.25981 NASA_m^2/cm^3: 0.588547 NASA_m^2/g: 1.70905
Number_of_channels: 1 Channel_surface_area_A^2: 3983.14  
Number_of_pockets: 14 Pocket_surface_area_A^2: 0  0.185816  0  0.00101539  0.0374583  0  0.00101539  0.00203078  0.0124961  0.00101539  0.0111693  0.0720925  0.0492711  0.886434  
