@ ./zeo_outputs/21120N2_ddec.cif.sa Unitcell_volume: 11972.4   Density: 0.386535   ASA_A^2: 1795.12 ASA_m^2/cm^3: 1499.38 ASA_m^2/g: 3879.04 NASA_A^2: 0.83816 NASA_m^2/cm^3: 0.700079 NASA_m^2/g: 1.81117
Number_of_channels: 1 Channel_surface_area_A^2: 1795.12  
Number_of_pockets: 13 Pocket_surface_area_A^2: 0.0324924  0.520409  0.00101539  0.00304616  0.0619387  0.031477  0.00101539  0.102242  0  0.00295561  0.0140417  0.0192865  0.0482412  
