@ ./zeo_outputs/21130N2_ddec.cif.sa Unitcell_volume: 5096.02   Density: 0.585226   ASA_A^2: 1134.83 ASA_m^2/cm^3: 2226.89 ASA_m^2/g: 3805.17 NASA_A^2: 2.05639 NASA_m^2/cm^3: 4.03528 NASA_m^2/g: 6.89524
Number_of_channels: 1 Channel_surface_area_A^2: 1134.83  
Number_of_pockets: 19 Pocket_surface_area_A^2: 0  0.0422989  0.218127  0.0152308  0.336233  0.0558463  0.143024  0.111383  0.0162462  0  0.106161  0.00304616  0.30702  0.129217  0  0.389228  0.179262  0.00406155  0  
