@ ./zeo_outputs/21130N2_ddec.cif.vol Unitcell_volume: 5096.02   Density: 0.585226   AV_A^3: 2548.01 AV_Volume_fraction: 0.5 AV_cm^3/g: 0.85437 NAV_A^3: 0 NAV_Volume_fraction: 0 NAV_cm^3/g: 0
Number_of_channels: 1 Channel_volume_A^3: 2548.01  
Number_of_pockets: 19 Pocket_volume_A^3: 0  0  0  0  0  0  0  0  0  0  0  0  0  0  0  0  0  0  0  
