@ ./zeo_outputs/21131N2_ddec.cif.sa Unitcell_volume: 5836.36   Density: 0.623197   ASA_A^2: 1513 ASA_m^2/cm^3: 2592.38 ASA_m^2/g: 4159.8 NASA_A^2: 1.82159 NASA_m^2/cm^3: 3.1211 NASA_m^2/g: 5.00822
Number_of_channels: 1 Channel_surface_area_A^2: 1513  
Number_of_pockets: 8 Pocket_surface_area_A^2: 0.0111693  0  0.110677  0.567816  0.952061  0  0.171309  0.00855534  
