@ ./zeo_outputs/21140N2_ddec.cif.sa Unitcell_volume: 1975.15   Density: 0.801267   ASA_A^2: 556.797 ASA_m^2/cm^3: 2819.01 ASA_m^2/g: 3518.19 NASA_A^2: 0.020156 NASA_m^2/cm^3: 0.102048 NASA_m^2/g: 0.127358
Number_of_channels: 1 Channel_surface_area_A^2: 556.797  
Number_of_pockets: 3 Pocket_surface_area_A^2: 0  0  0.020156  
