@ ./zeo_outputs/21150N2_ddec.cif.sa Unitcell_volume: 6641.56   Density: 0.987896   ASA_A^2: 3163.1 ASA_m^2/cm^3: 4762.59 ASA_m^2/g: 4820.94 NASA_A^2: 0.20499 NASA_m^2/cm^3: 0.308648 NASA_m^2/g: 0.31243
Number_of_channels: 1 Channel_surface_area_A^2: 3163.1  
Number_of_pockets: 5 Pocket_surface_area_A^2: 0.0108372  0.0368636  0.00246301  0.117257  0.0375694  
