@ ./zeo_outputs/21170N2_ddec.cif.sa Unitcell_volume: 9593.95   Density: 0.4159   ASA_A^2: 1834.2 ASA_m^2/cm^3: 1911.83 ASA_m^2/g: 4596.85 NASA_A^2: 7.82086 NASA_m^2/cm^3: 8.15186 NASA_m^2/g: 19.6005
Number_of_channels: 1 Channel_surface_area_A^2: 1834.2  
Number_of_pockets: 9 Pocket_surface_area_A^2: 0.701475  1.67038  1.55723  1.09163  1.14128  0.185538  0.479263  0.256893  0.737172  
