@ ./zeo_outputs/21180N2_ddec.cif.sa Unitcell_volume: 5962.91   Density: 0.582221   ASA_A^2: 1127.72 ASA_m^2/cm^3: 1891.23 ASA_m^2/g: 3248.31 NASA_A^2: 4.69013 NASA_m^2/cm^3: 7.86551 NASA_m^2/g: 13.5095
Number_of_channels: 1 Channel_surface_area_A^2: 1127.72  
Number_of_pockets: 20 Pocket_surface_area_A^2: 0.0984926  0.0670156  0.00609233  0  0.0192924  0.062954  0  0.0101539  0.0243693  2.50813  0.16957  0.371652  0.00344821  0.132093  0.328349  0.353086  0.13165  0.00541862  0  0.398363  
