@ ./zeo_outputs/21180N2_ddec.cif.vol Unitcell_volume: 5962.91   Density: 0.582221   AV_A^3: 3910.83 AV_Volume_fraction: 0.65586 AV_cm^3/g: 1.12648 NAV_A^3: 0.119258 NAV_Volume_fraction: 2e-05 NAV_cm^3/g: 3.43512e-05
Number_of_channels: 1 Channel_volume_A^3: 3910.83  
Number_of_pockets: 20 Pocket_volume_A^3: 0  0  0  0  0  0  0  0  0  0  0  0  0  0  0.119258  0  0  0  0  0  
