@ ./zeo_outputs/21181N2_ddec.cif.sa Unitcell_volume: 6527.25   Density: 0.433991   ASA_A^2: 1260.26 ASA_m^2/cm^3: 1930.76 ASA_m^2/g: 4448.85 NASA_A^2: 0.788169 NASA_m^2/cm^3: 1.20751 NASA_m^2/g: 2.78233
Number_of_channels: 1 Channel_surface_area_A^2: 1260.26  
Number_of_pockets: 9 Pocket_surface_area_A^2: 0.0203078  0.0385847  0.00203078  0.00249319  0.0192924  0.326342  0.326318  0  0.0528002  
