@ ./zeo_outputs/21190N2_ddec.cif.sa Unitcell_volume: 15246.2   Density: 0.317271   ASA_A^2: 1945.39 ASA_m^2/cm^3: 1275.98 ASA_m^2/g: 4021.74 NASA_A^2: 0.167297 NASA_m^2/cm^3: 0.10973 NASA_m^2/g: 0.345856
Number_of_channels: 1 Channel_surface_area_A^2: 1945.39  
Number_of_pockets: 10 Pocket_surface_area_A^2: 0  0.00203078  0  0  0.096567  0  0.00203078  0.0487386  0.0169142  0.00101539  
