@ ./zeo_outputs/21191N2_ddec.cif.sa Unitcell_volume: 12441.4   Density: 0.327857   ASA_A^2: 1608.63 ASA_m^2/cm^3: 1292.97 ASA_m^2/g: 3943.7 NASA_A^2: 0.130985 NASA_m^2/cm^3: 0.105282 NASA_m^2/g: 0.321121
Number_of_channels: 1 Channel_surface_area_A^2: 1608.63  
Number_of_pockets: 1 Pocket_surface_area_A^2: 0.130985  
