@ ./zeo_outputs/21201N2_ddec.cif.sa Unitcell_volume: 5360.98   Density: 0.579233   ASA_A^2: 1545.03 ASA_m^2/cm^3: 2881.98 ASA_m^2/g: 4975.51 NASA_A^2: 0.0207268 NASA_m^2/cm^3: 0.0386624 NASA_m^2/g: 0.0667475
Number_of_channels: 1 Channel_surface_area_A^2: 1545.03  
Number_of_pockets: 3 Pocket_surface_area_A^2: 0.014323  0.000985203  0.00541862  
