@ ./zeo_outputs/21200N2_ddec.cif.sa Unitcell_volume: 11907.5   Density: 0.520441   ASA_A^2: 2437.12 ASA_m^2/cm^3: 2046.72 ASA_m^2/g: 3932.66 NASA_A^2: 1.25131 NASA_m^2/cm^3: 1.05086 NASA_m^2/g: 2.01917
Number_of_channels: 1 Channel_surface_area_A^2: 2437.12  
Number_of_pockets: 7 Pocket_surface_area_A^2: 0.00304616  0.00304616  0  1.23303  0.0121847  0  0  
