@ ./zeo_outputs/21220N2_ddec.cif.sa Unitcell_volume: 11392.7   Density: 0.495526   ASA_A^2: 2398.86 ASA_m^2/cm^3: 2105.62 ASA_m^2/g: 4249.26 NASA_A^2: 5.43324 NASA_m^2/cm^3: 4.76906 NASA_m^2/g: 9.62424
Number_of_channels: 1 Channel_surface_area_A^2: 2398.86  
Number_of_pockets: 12 Pocket_surface_area_A^2: 0.0111693  1.59906  0  1.95089  0.000985203  0.00101539  0.000985203  0  1.84374  0.00710772  0  0.018277  
