@ ./zeo_outputs/21220N2_ddec.cif.vol Unitcell_volume: 11392.7   Density: 0.495526   AV_A^3: 7674.8 AV_Volume_fraction: 0.67366 AV_cm^3/g: 1.35949 NAV_A^3: 0.227854 NAV_Volume_fraction: 2e-05 NAV_cm^3/g: 4.03612e-05
Number_of_channels: 1 Channel_volume_A^3: 7674.8  
Number_of_pockets: 12 Pocket_volume_A^3: 0  0  0  0  0  0  0  0  0.227854  0  0  0  
