@ ./zeo_outputs/21251N2_ddec.cif.sa Unitcell_volume: 5068.01   Density: 0.523442   ASA_A^2: 1169.46 ASA_m^2/cm^3: 2307.53 ASA_m^2/g: 4408.38 NASA_A^2: 0.315759 NASA_m^2/cm^3: 0.623043 NASA_m^2/g: 1.19028
Number_of_channels: 1 Channel_surface_area_A^2: 1169.46  
Number_of_pockets: 2 Pocket_surface_area_A^2: 0.0842503  0.231508  
