@ ./zeo_outputs/21250N2_ddec.cif.sa Unitcell_volume: 4993.15   Density: 0.739034   ASA_A^2: 1494.29 ASA_m^2/cm^3: 2992.67 ASA_m^2/g: 4049.44 NASA_A^2: 0.158225 NASA_m^2/cm^3: 0.316885 NASA_m^2/g: 0.428783
Number_of_channels: 1 Channel_surface_area_A^2: 1494.29  
Number_of_pockets: 7 Pocket_surface_area_A^2: 0  0.0120329  0.053792  0.00609233  0.086308  0  0  
