@ ./zeo_outputs/21260N2_ddec.cif.sa Unitcell_volume: 14831.6   Density: 0.581995   ASA_A^2: 3133.31 ASA_m^2/cm^3: 2112.59 ASA_m^2/g: 3629.91 NASA_A^2: 9.36845 NASA_m^2/cm^3: 6.31656 NASA_m^2/g: 10.8533
Number_of_channels: 1 Channel_surface_area_A^2: 3133.31  
Number_of_pockets: 29 Pocket_surface_area_A^2: 0  1.50074  1.51394  0  0.195466  0  0.00406155  0.831603  0.00203078  0.0243693  0.0446771  0.0101539  1.63787  0.0284309  0  0.423771  0  2.24155  0.0142154  0.174647  0.00310108  0.385847  0  0.00101539  0  0  0.066954  0.247755  0.0162462  
