@ ./zeo_outputs/21260N2_ddec.cif.vol Unitcell_volume: 14831.6   Density: 0.581995   AV_A^3: 8898.94 AV_Volume_fraction: 0.6 AV_cm^3/g: 1.03094 NAV_A^3: 0 NAV_Volume_fraction: 0 NAV_cm^3/g: 0
Number_of_channels: 1 Channel_volume_A^3: 8898.94  
Number_of_pockets: 29 Pocket_volume_A^3: 0  0  0  0  0  0  0  0  0  0  0  0  0  0  0  0  0  0  0  0  0  0  0  0  0  0  0  0  0  
