@ ./zeo_outputs/21271N3_ddec.cif.sa Unitcell_volume: 17517.3   Density: 0.724363   ASA_A^2: 6310.67 ASA_m^2/cm^3: 3602.54 ASA_m^2/g: 4973.39 NASA_A^2: 0.305519 NASA_m^2/cm^3: 0.17441 NASA_m^2/g: 0.240778
Number_of_channels: 1 Channel_surface_area_A^2: 6310.67  
Number_of_pockets: 8 Pocket_surface_area_A^2: 0  0  0.193587  0  0.10193  0  0.00507694  0.00492602  
