@ ./zeo_outputs/21280N3_ddec.cif.sa Unitcell_volume: 6543.49   Density: 0.334821   ASA_A^2: 769.291 ASA_m^2/cm^3: 1175.66 ASA_m^2/g: 3511.31 NASA_A^2: 0.170673 NASA_m^2/cm^3: 0.260829 NASA_m^2/g: 0.779012
Number_of_channels: 1 Channel_surface_area_A^2: 769.291  
Number_of_pockets: 3 Pocket_surface_area_A^2: 0.00203078  0.00689642  0.161746  
