@ ./zeo_outputs/21290N2_ddec.cif.vol Unitcell_volume: 16409.6   Density: 0.43287   AV_A^3: 11738.4 AV_Volume_fraction: 0.71534 AV_cm^3/g: 1.65255 NAV_A^3: 0.656382 NAV_Volume_fraction: 4e-05 NAV_cm^3/g: 9.24064e-05
Number_of_channels: 1 Channel_volume_A^3: 11738.4  
Number_of_pockets: 10 Pocket_volume_A^3: 0  0  0  0  0  0.656382  0  0  0  0  
