@ ./zeo_outputs/21290N2_ddec.cif.sa Unitcell_volume: 16409.6   Density: 0.43287   ASA_A^2: 3144.56 ASA_m^2/cm^3: 1916.29 ASA_m^2/g: 4426.95 NASA_A^2: 2.2946 NASA_m^2/cm^3: 1.39833 NASA_m^2/g: 3.23037
Number_of_channels: 1 Channel_surface_area_A^2: 3144.56  
Number_of_pockets: 10 Pocket_surface_area_A^2: 0.0459834  0  0.0158236  0.000492602  0.000985203  2.15455  0.0290027  0.0109882  0.0140041  0.0227708  
