@ ./zeo_outputs/21310N2_ddec.cif.vol Unitcell_volume: 15381.6   Density: 0.436662   AV_A^3: 6152.63 AV_Volume_fraction: 0.4 AV_cm^3/g: 0.916041 NAV_A^3: 0 NAV_Volume_fraction: 0 NAV_cm^3/g: 0
Number_of_channels: 1 Channel_volume_A^3: 6152.63  
Number_of_pockets: 22 Pocket_volume_A^3: 0  0  0  0  0  0  0  0  0  0  0  0  0  0  0  0  0  0  0  0  0  0  
