@ ./zeo_outputs/21311N3_ddec.cif.vol Unitcell_volume: 16057.9   Density: 0.41827   AV_A^3: 11597.7 AV_Volume_fraction: 0.72224 AV_cm^3/g: 1.72673 NAV_A^3: 0 NAV_Volume_fraction: 0 NAV_cm^3/g: 0
Number_of_channels: 1 Channel_volume_A^3: 11597.7  
Number_of_pockets: 19 Pocket_volume_A^3: 0  0  0  0  0  0  0  0  0  0  0  0  0  0  0  0  0  0  0  
