@ ./zeo_outputs/21313N3_ddec.cif.sa Unitcell_volume: 18189.9   Density: 0.250067   ASA_A^2: 2188.93 ASA_m^2/cm^3: 1203.37 ASA_m^2/g: 4812.21 NASA_A^2: 0.00609233 NASA_m^2/cm^3: 0.00334929 NASA_m^2/g: 0.0133936
Number_of_channels: 1 Channel_surface_area_A^2: 2188.93  
Number_of_pockets: 2 Pocket_surface_area_A^2: 0  0.00609233  
