@ ./zeo_outputs/21315N3_ddec.cif.sa Unitcell_volume: 9322.85   Density: 0.39873   ASA_A^2: 1631.23 ASA_m^2/cm^3: 1749.71 ASA_m^2/g: 4388.21 NASA_A^2: 0.0101539 NASA_m^2/cm^3: 0.0108914 NASA_m^2/g: 0.0273152
Number_of_channels: 1 Channel_surface_area_A^2: 1631.23  
Number_of_pockets: 2 Pocket_surface_area_A^2: 0.0101539  0  
