@ ./zeo_outputs/21310N2_ddec.cif.sa Unitcell_volume: 15381.6   Density: 0.436662   ASA_A^2: 2864.78 ASA_m^2/cm^3: 1862.47 ASA_m^2/g: 4265.25 NASA_A^2: 14.8182 NASA_m^2/cm^3: 9.63376 NASA_m^2/g: 22.0623
Number_of_channels: 1 Channel_surface_area_A^2: 2864.78  
Number_of_pockets: 22 Pocket_surface_area_A^2: 1.65305  0.990003  0.971144  0  1.69874  1.00229  0.0253847  0.00507694  0.919561  0.031477  1.88659  0.876363  0.00203078  0.18277  0.0223385  0  0.67752  1.83379  0.994177  0.00203078  1.0439  0  
