@ ./zeo_outputs/21310N2_ddec.cif.vol Unitcell_volume: 15381.6   Density: 0.436662   AV_A^3: 10791.4 AV_Volume_fraction: 0.70158 AV_cm^3/g: 1.60669 NAV_A^3: 0.615263 NAV_Volume_fraction: 4e-05 NAV_cm^3/g: 9.16041e-05
Number_of_channels: 1 Channel_volume_A^3: 10791.4  
Number_of_pockets: 22 Pocket_volume_A^3: 0  0  0  0  0.615263  0  0  0  0  0  0  0  0  0  0  0  0  0  0  0  0  0  
