@ ./zeo_outputs/21312N2_ddec.cif.sa Unitcell_volume: 18773.8   Density: 0.242289   ASA_A^2: 2286.7 ASA_m^2/cm^3: 1218.03 ASA_m^2/g: 5027.16 NASA_A^2: 0.0573543 NASA_m^2/cm^3: 0.0305502 NASA_m^2/g: 0.12609
Number_of_channels: 1 Channel_surface_area_A^2: 2286.7  
Number_of_pockets: 10 Pocket_surface_area_A^2: 0.000492602  0  0  0  0  0.00101539  0.0477232  0.00710772  0  0.00101539  
