@ ./zeo_outputs/21314N2_ddec.cif.sa Unitcell_volume: 10038.2   Density: 0.370317   ASA_A^2: 1840.62 ASA_m^2/cm^3: 1833.63 ASA_m^2/g: 4951.51 NASA_A^2: 0.0264001 NASA_m^2/cm^3: 0.0262997 NASA_m^2/g: 0.0710196
Number_of_channels: 1 Channel_surface_area_A^2: 1840.62  
Number_of_pockets: 1 Pocket_surface_area_A^2: 0.0264001  
