@ ./zeo_outputs/21311N3_ddec.cif.sa Unitcell_volume: 16057.9   Density: 0.41827   ASA_A^2: 2666.22 ASA_m^2/cm^3: 1660.37 ASA_m^2/g: 3969.62 NASA_A^2: 11.5121 NASA_m^2/cm^3: 7.16911 NASA_m^2/g: 17.1399
Number_of_channels: 1 Channel_surface_area_A^2: 2666.22  
Number_of_pockets: 19 Pocket_surface_area_A^2: 1.39717  0.970089  0.00710772  0.918415  0  0.000985203  1.38702  1.07004  0  0.0152308  0  0.00406155  0.00101539  1.23065  0.909789  0.922377  1.24994  0.845519  0.582707  
