@ ./zeo_outputs/21320N2_ddec.cif.vol Unitcell_volume: 12183.4   Density: 0.553442   AV_A^3: 7688.69 AV_Volume_fraction: 0.63108 AV_cm^3/g: 1.14028 NAV_A^3: 0.487336 NAV_Volume_fraction: 4e-05 NAV_cm^3/g: 7.2275e-05
Number_of_channels: 1 Channel_volume_A^3: 7688.69  
Number_of_pockets: 10 Pocket_volume_A^3: 0.243668  0  0  0  0  0.243668  0  0  0  0  
