@ ./zeo_outputs/21320N2_ddec.cif.sa Unitcell_volume: 12183.4   Density: 0.553442   ASA_A^2: 2636.38 ASA_m^2/cm^3: 2163.91 ASA_m^2/g: 3909.91 NASA_A^2: 6.7259 NASA_m^2/cm^3: 5.52055 NASA_m^2/g: 9.97494
Number_of_channels: 1 Channel_surface_area_A^2: 2636.38  
Number_of_pockets: 10 Pocket_surface_area_A^2: 1.62259  0  1.36773  0.100523  0.000985203  1.74647  1.85207  0  0.0355386  0  
